1 	 0.000000e+00 
2 	 0.000000e+00 
3 	 0.000000e+00 
4 	 0.000000e+00 
5 	 0.000000e+00 
6 	 0.000000e+00 
7 	 0.000000e+00 
8 	 0.000000e+00 
9 	 8.611967e-03 
10 	 6.531894e-01 
11 	 6.043817e-02 
12 	 1.138864e-02 
13 	 6.589706e-04 
14 	 6.155886e-04 
15 	 1.386275e-03 
16 	 4.002229e-03 
17 	 4.768227e-03 
18 	 1.659689e-03 
19 	 5.249224e-04 
20 	 4.833715e-04 
21 	 4.719058e-04 
22 	 5.294064e-04 
23 	 1.360030e-03 
24 	 5.948384e-03 
25 	 1.662215e-02 
26 	 2.361148e-02 
27 	 1.659762e-02 
28 	 5.904956e-03 
29 	 1.300869e-03 
30 	 4.539539e-04 
31 	 3.765122e-04 
32 	 3.668904e-04 
33 	 3.597921e-04 
34 	 3.531130e-04 
35 	 3.473878e-04 
36 	 3.429441e-04 
37 	 3.396799e-04 
38 	 3.372937e-04 
39 	 3.356694e-04 
40 	 3.345553e-04 
41 	 3.331695e-04 
42 	 3.306956e-04 
43 	 3.271005e-04 
44 	 3.234634e-04 
45 	 3.222571e-04 
46 	 3.279136e-04 
47 	 3.461784e-04 
48 	 3.801497e-04 
49 	 4.240227e-04 
50 	 4.608391e-04 
51 	 4.705748e-04 
52 	 4.447261e-04 
53 	 3.935530e-04 
54 	 3.380450e-04 
55 	 2.951253e-04 
56 	 2.699962e-04 
57 	 2.589583e-04 
58 	 2.558418e-04 
59 	 2.557885e-04 
60 	 2.556977e-04 
61 	 2.534419e-04 
62 	 2.474129e-04 
63 	 2.367196e-04 
64 	 2.217023e-04 
65 	 2.042307e-04 
66 	 1.873120e-04 
67 	 1.738850e-04 
68 	 1.652601e-04 
69 	 1.601465e-04 
70 	 1.550836e-04 
71 	 1.462547e-04 
72 	 1.316339e-04 
73 	 1.120918e-04 
74 	 9.083532e-05 
75 	 7.180327e-05 
76 	 5.833209e-05 
77 	 5.304069e-05 
78 	 5.887640e-05 
79 	 8.039508e-05 
80 	 1.240685e-04 
81 	 1.967401e-04 
82 	 3.021877e-04 
83 	 4.369674e-04 
84 	 5.878713e-04 
85 	 7.335467e-04 
86 	 8.512973e-04 
87 	 9.270938e-04 
88 	 9.640094e-04 
89 	 9.838528e-04 
90 	 1.019578e-03 
91 	 1.100825e-03 
92 	 1.238907e-03 
93 	 1.418413e-03 
94 	 1.599845e-03 
95 	 1.732716e-03 
96 	 1.773818e-03 
97 	 1.703015e-03 
98 	 1.530259e-03 
99 	 1.291844e-03 
100 	 1.038908e-03 
101 	 8.241979e-04 
102 	 6.925107e-04 
103 	 6.768480e-04 
104 	 7.984780e-04 
105 	 1.067170e-03 
106 	 1.478753e-03 
107 	 2.010075e-03 
108 	 2.614493e-03 
109 	 3.222429e-03 
110 	 3.750179e-03 
111 	 4.116562e-03 
112 	 4.262802e-03 
113 	 4.168478e-03 
114 	 3.857105e-03 
115 	 3.388814e-03 
116 	 2.842853e-03 
117 	 2.296540e-03 
118 	 1.808061e-03 
119 	 1.408080e-03 
120 	 1.100965e-03 
121 	 8.728408e-04 
122 	 7.020099e-04 
123 	 5.677371e-04 
124 	 4.552594e-04 
125 	 3.568816e-04 
126 	 2.703865e-04 
127 	 1.964064e-04 
128 	 1.360761e-04 
129 	 8.963592e-05 
130 	 5.603193e-05 
131 	 3.320214e-05 
132 	 1.863809e-05 
133 	 9.908034e-06 
134 	 4.986983e-06 
135 	 2.376319e-06 
136 	 1.071918e-06 
137 	 4.577132e-07 
138 	 1.850090e-07 
139 	 7.078634e-08 
140 	 2.563750e-08 
141 	 8.789419e-09 
142 	 2.852350e-09 
143 	 8.762009e-10 
144 	 2.547785e-10 
145 	 7.012615e-11 
146 	 1.827071e-11 
147 	 4.505978e-12 
148 	 1.051912e-12 
149 	 0.000000e+00 
150 	 0.000000e+00 
151 	 0.000000e+00 
152 	 0.000000e+00 
153 	 0.000000e+00 
154 	 0.000000e+00 
155 	 0.000000e+00 
156 	 0.000000e+00 
157 	 0.000000e+00 
158 	 0.000000e+00 
159 	 0.000000e+00 
160 	 0.000000e+00 
161 	 0.000000e+00 
162 	 0.000000e+00 
163 	 0.000000e+00 
164 	 0.000000e+00 
165 	 0.000000e+00 
166 	 0.000000e+00 
167 	 0.000000e+00 
168 	 0.000000e+00 
169 	 0.000000e+00 
170 	 0.000000e+00 
171 	 0.000000e+00 
172 	 0.000000e+00 
173 	 0.000000e+00 
174 	 0.000000e+00 
175 	 0.000000e+00 
176 	 0.000000e+00 
177 	 0.000000e+00 
178 	 0.000000e+00 
179 	 0.000000e+00 
180 	 0.000000e+00 
181 	 0.000000e+00 
182 	 0.000000e+00 
183 	 0.000000e+00 
184 	 0.000000e+00 
185 	 0.000000e+00 
186 	 0.000000e+00 
187 	 0.000000e+00 
188 	 0.000000e+00 
189 	 0.000000e+00 
190 	 0.000000e+00 
191 	 0.000000e+00 
192 	 0.000000e+00 
193 	 0.000000e+00 
194 	 0.000000e+00 
195 	 0.000000e+00 
196 	 0.000000e+00 
197 	 0.000000e+00 
198 	 0.000000e+00 
199 	 0.000000e+00 
200 	 0.000000e+00 
201 	 0.000000e+00 
202 	 0.000000e+00 
203 	 0.000000e+00 
204 	 0.000000e+00 
205 	 0.000000e+00 
206 	 0.000000e+00 
207 	 0.000000e+00 
208 	 0.000000e+00 
209 	 0.000000e+00 
210 	 0.000000e+00 
211 	 0.000000e+00 
212 	 0.000000e+00 
213 	 0.000000e+00 
214 	 0.000000e+00 
215 	 0.000000e+00 
216 	 0.000000e+00 
217 	 0.000000e+00 
218 	 0.000000e+00 
219 	 0.000000e+00 
220 	 0.000000e+00 
221 	 0.000000e+00 
222 	 0.000000e+00 
223 	 0.000000e+00 
224 	 0.000000e+00 
225 	 0.000000e+00 
226 	 0.000000e+00 
227 	 0.000000e+00 
228 	 0.000000e+00 
229 	 0.000000e+00 
230 	 0.000000e+00 
231 	 0.000000e+00 
232 	 0.000000e+00 
233 	 0.000000e+00 
234 	 0.000000e+00 
235 	 0.000000e+00 
236 	 0.000000e+00 
237 	 0.000000e+00 
238 	 0.000000e+00 
239 	 0.000000e+00 
240 	 0.000000e+00 
241 	 0.000000e+00 
242 	 0.000000e+00 
243 	 0.000000e+00 
244 	 0.000000e+00 
245 	 0.000000e+00 
246 	 0.000000e+00 
247 	 0.000000e+00 
248 	 0.000000e+00 
249 	 0.000000e+00 
250 	 0.000000e+00 
251 	 0.000000e+00 
252 	 0.000000e+00 
253 	 0.000000e+00 
254 	 0.000000e+00 
255 	 0.000000e+00 
256 	 0.000000e+00 
257 	 0.000000e+00 
258 	 0.000000e+00 
259 	 0.000000e+00 
260 	 0.000000e+00 
261 	 0.000000e+00 
262 	 0.000000e+00 
263 	 0.000000e+00 
264 	 0.000000e+00 
265 	 0.000000e+00 
266 	 0.000000e+00 
267 	 0.000000e+00 
268 	 0.000000e+00 
269 	 0.000000e+00 
270 	 0.000000e+00 
271 	 0.000000e+00 
272 	 0.000000e+00 
273 	 0.000000e+00 
274 	 0.000000e+00 
275 	 0.000000e+00 
276 	 0.000000e+00 
277 	 0.000000e+00 
278 	 0.000000e+00 
279 	 0.000000e+00 
280 	 0.000000e+00 
281 	 0.000000e+00 
282 	 0.000000e+00 
283 	 0.000000e+00 
284 	 0.000000e+00 
285 	 0.000000e+00 
286 	 0.000000e+00 
287 	 0.000000e+00 
288 	 0.000000e+00 
289 	 0.000000e+00 
290 	 0.000000e+00 
291 	 0.000000e+00 
292 	 0.000000e+00 
293 	 0.000000e+00 
294 	 0.000000e+00 
295 	 0.000000e+00 
296 	 0.000000e+00 
297 	 0.000000e+00 
298 	 0.000000e+00 
299 	 0.000000e+00 
300 	 0.000000e+00 
301 	 0.000000e+00 
302 	 0.000000e+00 
303 	 0.000000e+00 
304 	 0.000000e+00 
305 	 0.000000e+00 
306 	 0.000000e+00 
307 	 0.000000e+00 
308 	 0.000000e+00 
309 	 0.000000e+00 
310 	 0.000000e+00 
311 	 0.000000e+00 
312 	 0.000000e+00 
313 	 0.000000e+00 
314 	 0.000000e+00 
315 	 0.000000e+00 
316 	 0.000000e+00 
317 	 0.000000e+00 
318 	 0.000000e+00 
319 	 0.000000e+00 
320 	 0.000000e+00 
321 	 0.000000e+00 
322 	 0.000000e+00 
323 	 0.000000e+00 
324 	 0.000000e+00 
325 	 0.000000e+00 
326 	 0.000000e+00 
327 	 0.000000e+00 
328 	 0.000000e+00 
329 	 0.000000e+00 
330 	 0.000000e+00 
331 	 0.000000e+00 
332 	 0.000000e+00 
333 	 0.000000e+00 
334 	 0.000000e+00 
335 	 0.000000e+00 
336 	 0.000000e+00 
337 	 0.000000e+00 
338 	 0.000000e+00 
339 	 0.000000e+00 
340 	 0.000000e+00 
341 	 0.000000e+00 
342 	 0.000000e+00 
343 	 0.000000e+00 
344 	 0.000000e+00 
345 	 0.000000e+00 
346 	 0.000000e+00 
347 	 0.000000e+00 
348 	 0.000000e+00 
349 	 0.000000e+00 
350 	 0.000000e+00 
351 	 0.000000e+00 
352 	 0.000000e+00 
353 	 0.000000e+00 
354 	 0.000000e+00 
355 	 0.000000e+00 
356 	 0.000000e+00 
357 	 0.000000e+00 
358 	 0.000000e+00 
359 	 0.000000e+00 
360 	 0.000000e+00 
361 	 0.000000e+00 
362 	 0.000000e+00 
363 	 0.000000e+00 
364 	 0.000000e+00 
365 	 0.000000e+00 
366 	 0.000000e+00 
367 	 0.000000e+00 
368 	 0.000000e+00 
369 	 0.000000e+00 
370 	 0.000000e+00 
371 	 0.000000e+00 
372 	 0.000000e+00 
373 	 0.000000e+00 
374 	 0.000000e+00 
375 	 0.000000e+00 
376 	 0.000000e+00 
377 	 0.000000e+00 
378 	 0.000000e+00 
379 	 0.000000e+00 
380 	 0.000000e+00 
381 	 0.000000e+00 
382 	 0.000000e+00 
383 	 0.000000e+00 
384 	 0.000000e+00 
385 	 0.000000e+00 
386 	 0.000000e+00 
387 	 0.000000e+00 
388 	 0.000000e+00 
389 	 0.000000e+00 
390 	 0.000000e+00 
391 	 0.000000e+00 
392 	 0.000000e+00 
393 	 0.000000e+00 
394 	 0.000000e+00 
395 	 0.000000e+00 
396 	 0.000000e+00 
397 	 0.000000e+00 
398 	 0.000000e+00 
399 	 0.000000e+00 
400 	 0.000000e+00 
401 	 0.000000e+00 
402 	 0.000000e+00 
403 	 0.000000e+00 
404 	 0.000000e+00 
405 	 0.000000e+00 
406 	 0.000000e+00 
407 	 0.000000e+00 
408 	 0.000000e+00 
409 	 0.000000e+00 
410 	 0.000000e+00 
411 	 0.000000e+00 
412 	 0.000000e+00 
413 	 0.000000e+00 
414 	 0.000000e+00 
415 	 0.000000e+00 
416 	 0.000000e+00 
417 	 0.000000e+00 
418 	 0.000000e+00 
419 	 0.000000e+00 
420 	 0.000000e+00 
421 	 0.000000e+00 
422 	 0.000000e+00 
423 	 0.000000e+00 
424 	 0.000000e+00 
425 	 0.000000e+00 
426 	 0.000000e+00 
427 	 0.000000e+00 
428 	 0.000000e+00 
429 	 0.000000e+00 
430 	 0.000000e+00 
431 	 0.000000e+00 
432 	 0.000000e+00 
433 	 0.000000e+00 
434 	 0.000000e+00 
435 	 0.000000e+00 
436 	 0.000000e+00 
437 	 0.000000e+00 
438 	 0.000000e+00 
439 	 0.000000e+00 
440 	 0.000000e+00 
441 	 0.000000e+00 
442 	 0.000000e+00 
443 	 0.000000e+00 
444 	 0.000000e+00 
445 	 0.000000e+00 
446 	 0.000000e+00 
447 	 0.000000e+00 
448 	 0.000000e+00 
449 	 0.000000e+00 
450 	 0.000000e+00 
451 	 0.000000e+00 
452 	 0.000000e+00 
453 	 0.000000e+00 
454 	 0.000000e+00 
455 	 0.000000e+00 
456 	 0.000000e+00 
457 	 0.000000e+00 
458 	 0.000000e+00 
459 	 0.000000e+00 
460 	 0.000000e+00 
461 	 0.000000e+00 
462 	 0.000000e+00 
463 	 0.000000e+00 
464 	 0.000000e+00 
465 	 0.000000e+00 
466 	 0.000000e+00 
467 	 0.000000e+00 
468 	 0.000000e+00 
469 	 0.000000e+00 
470 	 0.000000e+00 
471 	 0.000000e+00 
472 	 0.000000e+00 
473 	 0.000000e+00 
474 	 0.000000e+00 
475 	 0.000000e+00 
476 	 0.000000e+00 
477 	 0.000000e+00 
478 	 0.000000e+00 
479 	 0.000000e+00 
480 	 0.000000e+00 
481 	 0.000000e+00 
482 	 0.000000e+00 
483 	 0.000000e+00 
484 	 0.000000e+00 
485 	 0.000000e+00 
486 	 0.000000e+00 
487 	 0.000000e+00 
488 	 0.000000e+00 
489 	 0.000000e+00 
490 	 0.000000e+00 
491 	 0.000000e+00 
492 	 0.000000e+00 
493 	 0.000000e+00 
494 	 0.000000e+00 
495 	 0.000000e+00 
496 	 0.000000e+00 
497 	 0.000000e+00 
498 	 0.000000e+00 
499 	 0.000000e+00 
500 	 0.000000e+00 
