1 	 0.000000e+00 
2 	 0.000000e+00 
3 	 0.000000e+00 
4 	 0.000000e+00 
5 	 0.000000e+00 
6 	 0.000000e+00 
7 	 0.000000e+00 
8 	 0.000000e+00 
9 	 1.146759e-04 
10 	 3.155848e-05 
11 	 1.883726e-05 
12 	 1.426992e-05 
13 	 1.196013e-05 
14 	 1.080373e-05 
15 	 1.031847e-05 
16 	 1.022596e-05 
17 	 1.019973e-05 
18 	 1.016693e-05 
19 	 1.012128e-05 
20 	 1.007709e-05 
21 	 1.006753e-05 
22 	 1.007379e-05 
23 	 1.004744e-05 
24 	 9.995351e-06 
25 	 9.949958e-06 
26 	 9.911595e-06 
27 	 9.900778e-06 
28 	 9.910454e-06 
29 	 9.906637e-06 
30 	 9.883080e-06 
31 	 9.854081e-06 
32 	 9.831444e-06 
33 	 9.814945e-06 
34 	 9.796187e-06 
35 	 9.773561e-06 
36 	 9.755411e-06 
37 	 9.744427e-06 
38 	 9.732538e-06 
39 	 9.713962e-06 
40 	 9.694664e-06 
41 	 9.684243e-06 
42 	 9.682854e-06 
43 	 9.681546e-06 
44 	 9.672557e-06 
45 	 9.654952e-06 
46 	 9.632139e-06 
47 	 9.607219e-06 
48 	 9.580955e-06 
49 	 9.553122e-06 
50 	 9.524969e-06 
51 	 9.499736e-06 
52 	 9.480792e-06 
53 	 9.469565e-06 
54 	 9.464898e-06 
55 	 9.463755e-06 
56 	 9.462615e-06 
57 	 9.458937e-06 
58 	 9.451813e-06 
59 	 9.441543e-06 
60 	 9.428783e-06 
61 	 9.414215e-06 
62 	 9.398868e-06 
63 	 9.384509e-06 
64 	 9.373453e-06 
65 	 9.367684e-06 
66 	 9.367771e-06 
67 	 9.372323e-06 
68 	 9.378435e-06 
69 	 9.382952e-06 
70 	 9.383812e-06 
71 	 9.380718e-06 
72 	 9.374891e-06 
73 	 9.368192e-06 
74 	 9.362190e-06 
75 	 9.357574e-06 
76 	 9.354083e-06 
77 	 9.350848e-06 
78 	 9.346913e-06 
79 	 9.341667e-06 
80 	 9.335005e-06 
81 	 9.327214e-06 
82 	 9.318699e-06 
83 	 9.309770e-06 
84 	 9.300594e-06 
85 	 9.291332e-06 
86 	 9.282315e-06 
87 	 9.274112e-06 
88 	 9.267412e-06 
89 	 9.262760e-06 
90 	 9.260330e-06 
91 	 9.259858e-06 
92 	 9.260784e-06 
93 	 9.262496e-06 
94 	 9.264530e-06 
95 	 9.266603e-06 
96 	 9.268495e-06 
97 	 9.269845e-06 
98 	 9.270003e-06 
99 	 9.267990e-06 
100 	 9.262588e-06 
101 	 9.252517e-06 
102 	 9.236652e-06 
103 	 9.214225e-06 
104 	 9.184978e-06 
105 	 9.149259e-06 
106 	 9.108016e-06 
107 	 9.062722e-06 
108 	 9.015195e-06 
109 	 8.967364e-06 
110 	 8.921005e-06 
111 	 8.877501e-06 
112 	 8.837705e-06 
113 	 8.801906e-06 
114 	 8.769933e-06 
115 	 8.741342e-06 
116 	 8.715638e-06 
117 	 8.692469e-06 
118 	 8.671753e-06 
119 	 8.653733e-06 
120 	 8.638989e-06 
121 	 8.628503e-06 
122 	 8.623839e-06 
123 	 8.627534e-06 
124 	 8.643700e-06 
125 	 8.678767e-06 
126 	 8.742126e-06 
127 	 8.846337e-06 
128 	 9.006430e-06 
129 	 9.237916e-06 
130 	 9.553340e-06 
131 	 9.957713e-06 
132 	 1.044374e-05 
133 	 1.098832e-05 
134 	 1.155189e-05 
135 	 1.208183e-05 
136 	 1.252000e-05 
137 	 1.281309e-05 
138 	 1.292336e-05 
139 	 1.283677e-05 
140 	 1.256617e-05 
141 	 1.214849e-05 
142 	 1.163700e-05 
143 	 1.109097e-05 
144 	 1.056553e-05 
145 	 1.010453e-05 
146 	 9.737422e-06 
147 	 9.480186e-06 
148 	 9.338960e-06 
149 	 9.314564e-06 
150 	 9.406208e-06 
151 	 9.613218e-06 
152 	 9.934359e-06 
153 	 1.036512e-05 
154 	 1.089389e-05 
155 	 1.149839e-05 
156 	 1.214370e-05 
157 	 1.278306e-05 
158 	 1.336181e-05 
159 	 1.382422e-05 
160 	 1.412188e-05 
161 	 1.422177e-05 
162 	 1.411215e-05 
163 	 1.380473e-05 
164 	 1.333246e-05 
165 	 1.274371e-05 
166 	 1.209395e-05 
167 	 1.143727e-05 
168 	 1.081920e-05 
169 	 1.027218e-05 
170 	 9.814193e-06 
171 	 9.449947e-06 
172 	 9.173936e-06 
173 	 8.974190e-06 
174 	 8.835862e-06 
175 	 8.744026e-06 
176 	 8.685483e-06 
177 	 8.649606e-06 
178 	 8.628469e-06 
179 	 8.616529e-06 
180 	 8.610123e-06 
181 	 8.606939e-06 
182 	 8.605565e-06 
183 	 8.605160e-06 
184 	 8.605225e-06 
185 	 8.605466e-06 
186 	 8.605716e-06 
187 	 8.605891e-06 
188 	 8.605969e-06 
189 	 8.605973e-06 
190 	 8.605961e-06 
191 	 8.606007e-06 
192 	 8.606191e-06 
193 	 8.606583e-06 
194 	 8.607233e-06 
195 	 8.608167e-06 
196 	 8.609382e-06 
197 	 8.610853e-06 
198 	 8.612544e-06 
199 	 8.614416e-06 
200 	 8.616443e-06 
201 	 8.618617e-06 
202 	 8.620953e-06 
203 	 8.623485e-06 
204 	 8.626260e-06 
205 	 8.629326e-06 
206 	 8.632721e-06 
207 	 8.636463e-06 
208 	 8.640550e-06 
209 	 8.644956e-06 
210 	 8.649638e-06 
211 	 8.654551e-06 
212 	 8.659652e-06 
213 	 8.664914e-06 
214 	 8.670333e-06 
215 	 8.675928e-06 
216 	 8.681737e-06 
217 	 8.687816e-06 
218 	 8.694219e-06 
219 	 8.700997e-06 
220 	 8.708185e-06 
221 	 8.715794e-06 
222 	 8.723810e-06 
223 	 8.732196e-06 
224 	 8.740889e-06 
225 	 8.749816e-06 
226 	 8.758891e-06 
227 	 8.768022e-06 
228 	 8.777122e-06 
229 	 8.786103e-06 
230 	 8.794885e-06 
231 	 8.803391e-06 
232 	 8.811557e-06 
233 	 8.819326e-06 
234 	 8.826658e-06 
235 	 8.833530e-06 
236 	 8.839943e-06 
237 	 8.845923e-06 
238 	 8.851523e-06 
239 	 8.856818e-06 
240 	 8.861908e-06 
241 	 8.866903e-06 
242 	 8.871924e-06 
243 	 8.877089e-06 
244 	 8.882509e-06 
245 	 8.888283e-06 
246 	 8.894496e-06 
247 	 8.901213e-06 
248 	 8.908487e-06 
249 	 8.916354e-06 
250 	 8.924838e-06 
251 	 8.933952e-06 
252 	 8.943704e-06 
253 	 8.954092e-06 
254 	 8.965111e-06 
255 	 8.976753e-06 
256 	 8.989004e-06 
257 	 9.001853e-06 
258 	 9.015286e-06 
259 	 9.029293e-06 
260 	 9.043865e-06 
261 	 9.058997e-06 
262 	 9.074688e-06 
263 	 9.090939e-06 
264 	 9.107755e-06 
265 	 9.125139e-06 
266 	 9.143094e-06 
267 	 9.161619e-06 
268 	 9.180712e-06 
269 	 9.200369e-06 
270 	 9.220588e-06 
271 	 9.241375e-06 
272 	 9.262754e-06 
273 	 9.284778e-06 
274 	 9.307545e-06 
275 	 9.331212e-06 
276 	 9.356014e-06 
277 	 9.382280e-06 
278 	 9.410450e-06 
279 	 9.441077e-06 
280 	 9.474836e-06 
281 	 9.512502e-06 
282 	 9.554931e-06 
283 	 9.603012e-06 
284 	 9.657601e-06 
285 	 9.719443e-06 
286 	 9.789074e-06 
287 	 9.866721e-06 
288 	 9.952200e-06 
289 	 1.004483e-05 
290 	 1.014339e-05 
291 	 1.024609e-05 
292 	 1.035060e-05 
293 	 1.045419e-05 
294 	 1.055382e-05 
295 	 1.064637e-05 
296 	 1.072887e-05 
297 	 1.079868e-05 
298 	 1.085380e-05 
299 	 1.089292e-05 
300 	 1.091565e-05 
301 	 1.092248e-05 
302 	 1.091476e-05 
303 	 1.089458e-05 
304 	 1.086459e-05 
305 	 1.082781e-05 
306 	 1.078732e-05 
307 	 1.074615e-05 
308 	 1.070699e-05 
309 	 1.067212e-05 
310 	 1.064328e-05 
311 	 1.062165e-05 
312 	 1.060788e-05 
313 	 1.060216e-05 
314 	 1.060426e-05 
315 	 1.061369e-05 
316 	 1.062976e-05 
317 	 1.065167e-05 
318 	 1.067861e-05 
319 	 1.070981e-05 
320 	 1.074456e-05 
321 	 1.078227e-05 
322 	 1.082242e-05 
323 	 1.086463e-05 
324 	 1.090859e-05 
325 	 1.095406e-05 
326 	 1.100087e-05 
327 	 1.104891e-05 
328 	 1.109809e-05 
329 	 1.114834e-05 
330 	 1.119961e-05 
331 	 1.125186e-05 
332 	 1.130503e-05 
333 	 1.135909e-05 
334 	 1.141399e-05 
335 	 1.146970e-05 
336 	 1.152618e-05 
337 	 1.158339e-05 
338 	 1.164131e-05 
339 	 1.169993e-05 
340 	 1.175925e-05 
341 	 1.181926e-05 
342 	 1.188000e-05 
343 	 1.194149e-05 
344 	 1.200377e-05 
345 	 1.206689e-05 
346 	 1.213090e-05 
347 	 1.219584e-05 
348 	 1.226177e-05 
349 	 1.232872e-05 
350 	 1.239672e-05 
351 	 1.246581e-05 
352 	 1.253599e-05 
353 	 1.260727e-05 
354 	 1.267962e-05 
355 	 1.275303e-05 
356 	 1.282746e-05 
357 	 1.290285e-05 
358 	 1.297913e-05 
359 	 1.305621e-05 
360 	 1.313395e-05 
361 	 1.321222e-05 
362 	 1.329079e-05 
363 	 1.336941e-05 
364 	 1.344774e-05 
365 	 1.352533e-05 
366 	 1.360163e-05 
367 	 1.367591e-05 
368 	 1.374729e-05 
369 	 1.381467e-05 
370 	 1.387669e-05 
371 	 1.393175e-05 
372 	 1.397794e-05 
373 	 1.401306e-05 
374 	 1.403461e-05 
375 	 1.403982e-05 
376 	 1.402570e-05 
377 	 1.398907e-05 
378 	 1.392669e-05 
379 	 1.383533e-05 
380 	 1.371193e-05 
381 	 1.355376e-05 
382 	 1.335850e-05 
383 	 1.312447e-05 
384 	 1.285071e-05 
385 	 1.253711e-05 
386 	 1.218452e-05 
387 	 1.179473e-05 
388 	 1.137053e-05 
389 	 1.091562e-05 
390 	 1.043448e-05 
391 	 9.932317e-06 
392 	 9.414777e-06 
393 	 8.887810e-06 
394 	 8.357430e-06 
395 	 7.829500e-06 
396 	 7.309534e-06 
397 	 6.802521e-06 
398 	 6.312788e-06 
399 	 5.843901e-06 
400 	 5.398612e-06 
401 	 4.978848e-06 
402 	 4.585745e-06 
403 	 4.219706e-06 
404 	 3.880498e-06 
405 	 3.567354e-06 
406 	 3.279089e-06 
407 	 3.014221e-06 
408 	 2.771077e-06 
409 	 2.547896e-06 
410 	 2.342911e-06 
411 	 2.154415e-06 
412 	 1.980816e-06 
413 	 1.820667e-06 
414 	 1.672691e-06 
415 	 1.535787e-06 
416 	 1.409034e-06 
417 	 1.291687e-06 
418 	 1.183176e-06 
419 	 1.083104e-06 
420 	 9.912518e-07 
421 	 9.075962e-07 
422 	 8.323345e-07 
423 	 7.659293e-07 
424 	 7.091700e-07 
425 	 6.632543e-07 
426 	 6.298929e-07 
427 	 6.114356e-07 
428 	 6.110201e-07 
429 	 6.327381e-07 
430 	 6.818137e-07 
431 	 7.647847e-07 
432 	 8.896725e-07 
433 	 1.066124e-06 
434 	 1.305502e-06 
435 	 1.620901e-06 
436 	 2.027057e-06 
437 	 2.540123e-06 
438 	 3.177297e-06 
439 	 3.956254e-06 
440 	 4.894404e-06 
441 	 6.007953e-06 
442 	 7.310795e-06 
443 	 8.813283e-06 
444 	 1.052091e-05 
445 	 1.243302e-05 
446 	 1.454159e-05 
447 	 1.683024e-05 
448 	 1.927357e-05 
449 	 2.183686e-05 
450 	 2.447635e-05 
451 	 2.714005e-05 
452 	 2.976909e-05 
453 	 3.229970e-05 
454 	 3.466562e-05 
455 	 3.680091e-05 
456 	 3.864296e-05 
457 	 4.013548e-05 
458 	 4.123139e-05 
459 	 4.189525e-05 
460 	 4.210514e-05 
461 	 4.185391e-05 
462 	 4.114951e-05 
463 	 4.001462e-05 
464 	 3.848541e-05 
465 	 3.660959e-05 
466 	 3.444400e-05 
467 	 3.205166e-05 
468 	 2.949882e-05 
469 	 2.685188e-05 
470 	 2.417462e-05 
471 	 2.152577e-05 
472 	 1.895706e-05 
473 	 1.651184e-05 
474 	 1.422434e-05 
475 	 1.211936e-05 
476 	 1.021264e-05 
477 	 8.511513e-06 
478 	 7.015931e-06 
479 	 5.719700e-06 
480 	 4.611799e-06 
481 	 3.677701e-06 
482 	 2.900622e-06 
483 	 2.262633e-06 
484 	 1.745604e-06 
485 	 1.331942e-06 
486 	 1.005155e-06 
487 	 7.502214e-07 
488 	 5.538017e-07 
489 	 4.043228e-07 
490 	 2.919524e-07 
491 	 2.085004e-07 
492 	 1.472703e-07 
493 	 1.028820e-07 
494 	 7.108621e-08 
495 	 4.858030e-08 
496 	 3.283796e-08 
497 	 2.195597e-08 
498 	 1.452178e-08 
499 	 9.502257e-09 
500 	 6.152520e-09 
