1 	 0.000000e+00 
2 	 0.000000e+00 
3 	 0.000000e+00 
4 	 0.000000e+00 
5 	 0.000000e+00 
6 	 0.000000e+00 
7 	 0.000000e+00 
8 	 0.000000e+00 
9 	 9.748786e-04 
10 	 4.656228e-04 
11 	 1.954432e-03 
12 	 1.025276e-05 
13 	 5.200517e-06 
14 	 7.378534e-06 
15 	 2.239142e-05 
16 	 8.122290e-05 
17 	 3.900268e-05 
18 	 2.949693e-04 
19 	 2.214658e-03 
20 	 4.438538e-03 
21 	 2.281151e-03 
22 	 3.395989e-04 
23 	 3.591422e-05 
24 	 2.173277e-05 
25 	 3.459550e-05 
26 	 9.985738e-05 
27 	 3.630413e-04 
28 	 1.145869e-03 
29 	 2.430444e-03 
30 	 3.162868e-03 
31 	 2.493903e-03 
32 	 1.228981e-03 
33 	 4.370949e-04 
34 	 1.926985e-04 
35 	 1.740211e-04 
36 	 1.819395e-04 
37 	 1.491798e-04 
38 	 8.916199e-05 
39 	 3.924702e-05 
40 	 1.389587e-05 
41 	 5.341462e-06 
42 	 3.388566e-06 
43 	 3.154129e-06 
44 	 3.209892e-06 
45 	 3.225115e-06 
46 	 3.137362e-06 
47 	 2.986970e-06 
48 	 2.844516e-06 
49 	 2.749326e-06 
50 	 2.700769e-06 
51 	 2.690180e-06 
52 	 2.729919e-06 
53 	 2.863290e-06 
54 	 3.158531e-06 
55 	 3.680017e-06 
56 	 4.429499e-06 
57 	 5.286055e-06 
58 	 6.010561e-06 
59 	 6.352526e-06 
60 	 6.200545e-06 
61 	 5.652781e-06 
62 	 4.943740e-06 
63 	 4.294740e-06 
64 	 3.812105e-06 
65 	 3.489061e-06 
66 	 3.269984e-06 
67 	 3.107917e-06 
68 	 2.983806e-06 
69 	 2.897521e-06 
70 	 2.853198e-06 
71 	 2.853217e-06 
72 	 2.903728e-06 
73 	 3.027505e-06 
74 	 3.276262e-06 
75 	 3.732712e-06 
76 	 4.492772e-06 
77 	 5.623440e-06 
78 	 7.104917e-06 
79 	 8.783476e-06 
80 	 1.037149e-05 
81 	 1.151712e-05 
82 	 1.192736e-05 
83 	 1.148739e-05 
84 	 1.031048e-05 
85 	 8.688990e-06 
86 	 6.975405e-06 
87 	 5.459076e-06 
88 	 4.296133e-06 
89 	 3.509065e-06 
90 	 3.033044e-06 
91 	 2.772109e-06 
92 	 2.639083e-06 
93 	 2.572343e-06 
94 	 2.535793e-06 
95 	 2.511653e-06 
96 	 2.492761e-06 
97 	 2.477051e-06 
98 	 2.464358e-06 
99 	 2.454858e-06 
100 	 2.448452e-06 
101 	 2.444651e-06 
102 	 2.442668e-06 
103 	 2.441570e-06 
104 	 2.440421e-06 
105 	 2.438416e-06 
106 	 2.435020e-06 
107 	 2.430085e-06 
108 	 2.423886e-06 
109 	 2.417022e-06 
110 	 2.410205e-06 
111 	 2.404004e-06 
112 	 2.398672e-06 
113 	 2.394128e-06 
114 	 2.390107e-06 
115 	 2.386369e-06 
116 	 2.382871e-06 
117 	 2.379795e-06 
118 	 2.377437e-06 
119 	 2.376027e-06 
120 	 2.375588e-06 
121 	 2.375910e-06 
122 	 2.376638e-06 
123 	 2.377432e-06 
124 	 2.378110e-06 
125 	 2.378722e-06 
126 	 2.379529e-06 
127 	 2.380925e-06 
128 	 2.383334e-06 
129 	 2.387145e-06 
130 	 2.392676e-06 
131 	 2.400197e-06 
132 	 2.409967e-06 
133 	 2.422272e-06 
134 	 2.437428e-06 
135 	 2.455744e-06 
136 	 2.477432e-06 
137 	 2.502486e-06 
138 	 2.530567e-06 
139 	 2.560935e-06 
140 	 2.592456e-06 
141 	 2.623695e-06 
142 	 2.653073e-06 
143 	 2.679048e-06 
144 	 2.700269e-06 
145 	 2.715686e-06 
146 	 2.724614e-06 
147 	 2.726767e-06 
148 	 2.722285e-06 
149 	 2.711763e-06 
150 	 2.696263e-06 
151 	 2.677279e-06 
152 	 2.656614e-06 
153 	 2.636182e-06 
154 	 2.617741e-06 
155 	 2.602628e-06 
156 	 2.591560e-06 
157 	 2.584569e-06 
158 	 2.581077e-06 
159 	 2.580115e-06 
160 	 2.580612e-06 
161 	 2.581671e-06 
162 	 2.582769e-06 
163 	 2.583804e-06 
164 	 2.585005e-06 
165 	 2.586723e-06 
166 	 2.589175e-06 
167 	 2.592230e-06 
168 	 2.595287e-06 
169 	 2.597287e-06 
170 	 2.596844e-06 
171 	 2.592454e-06 
172 	 2.582729e-06 
173 	 2.566588e-06 
174 	 2.543376e-06 
175 	 2.512895e-06 
176 	 2.475373e-06 
177 	 2.431377e-06 
178 	 2.381732e-06 
179 	 2.327434e-06 
180 	 2.269601e-06 
181 	 2.209429e-06 
182 	 2.148166e-06 
183 	 2.087084e-06 
184 	 2.027430e-06 
185 	 1.970382e-06 
186 	 1.916997e-06 
187 	 1.868154e-06 
188 	 1.824527e-06 
189 	 1.786561e-06 
190 	 1.754471e-06 
191 	 1.728263e-06 
192 	 1.707757e-06 
193 	 1.692620e-06 
194 	 1.682402e-06 
195 	 1.676560e-06 
196 	 1.674486e-06 
197 	 1.675533e-06 
198 	 1.679035e-06 
199 	 1.684337e-06 
200 	 1.690829e-06 
201 	 1.697989e-06 
202 	 1.705423e-06 
203 	 1.712914e-06 
204 	 1.720453e-06 
205 	 1.728255e-06 
206 	 1.736753e-06 
207 	 1.746558e-06 
208 	 1.758393e-06 
209 	 1.773006e-06 
210 	 1.791064e-06 
211 	 1.813070e-06 
212 	 1.839290e-06 
213 	 1.869734e-06 
214 	 1.904190e-06 
215 	 1.942335e-06 
216 	 1.983893e-06 
217 	 2.028852e-06 
218 	 2.077694e-06 
219 	 2.131609e-06 
220 	 2.192652e-06 
221 	 2.263810e-06 
222 	 2.348945e-06 
223 	 2.452607e-06 
224 	 2.579719e-06 
225 	 2.735156e-06 
226 	 2.923248e-06 
227 	 3.147259e-06 
228 	 3.408874e-06 
229 	 3.707746e-06 
230 	 4.041130e-06 
231 	 4.403643e-06 
232 	 4.787180e-06 
233 	 5.180997e-06 
234 	 5.572017e-06 
235 	 5.945351e-06 
236 	 6.285049e-06 
237 	 6.575064e-06 
238 	 6.800364e-06 
239 	 6.948099e-06 
240 	 7.008703e-06 
241 	 6.976791e-06 
242 	 6.851722e-06 
243 	 6.637737e-06 
244 	 6.343634e-06 
245 	 5.982018e-06 
246 	 5.568207e-06 
247 	 5.118962e-06 
248 	 4.651175e-06 
249 	 4.180697e-06 
250 	 3.721402e-06 
251 	 3.284577e-06 
252 	 2.878641e-06 
253 	 2.509162e-06 
254 	 2.179106e-06 
255 	 1.889241e-06 
256 	 1.638605e-06 
257 	 1.424981e-06 
258 	 1.245330e-06 
259 	 1.096145e-06 
260 	 9.737356e-07 
261 	 8.744356e-07 
262 	 7.947423e-07 
263 	 7.314116e-07 
264 	 6.815119e-07 
265 	 6.424516e-07 
266 	 6.119852e-07 
267 	 5.882050e-07 
268 	 5.695198e-07 
269 	 5.546263e-07 
270 	 5.424745e-07 
271 	 5.322313e-07 
272 	 5.232455e-07 
273 	 5.150169e-07 
274 	 5.071726e-07 
275 	 4.994493e-07 
276 	 4.916832e-07 
277 	 4.838035e-07 
278 	 4.758279e-07 
279 	 4.678564e-07 
280 	 4.600614e-07 
281 	 4.526740e-07 
282 	 4.459656e-07 
283 	 4.402300e-07 
284 	 4.357687e-07 
285 	 4.328862e-07 
286 	 4.318997e-07 
287 	 4.331691e-07 
288 	 4.371487e-07 
289 	 4.444632e-07 
290 	 4.560037e-07 
291 	 4.730393e-07 
292 	 4.973340e-07 
293 	 5.312574e-07 
294 	 5.778713e-07 
295 	 6.409738e-07 
296 	 7.250791e-07 
297 	 8.353129e-07 
298 	 9.772039e-07 
299 	 1.156361e-06 
300 	 1.378032e-06 
301 	 1.646562e-06 
302 	 1.964776e-06 
303 	 2.333337e-06 
304 	 2.750146e-06 
305 	 3.209855e-06 
306 	 3.703581e-06 
307 	 4.218884e-06 
308 	 4.740069e-06 
309 	 5.248828e-06 
310 	 5.725210e-06 
311 	 6.148857e-06 
312 	 6.500399e-06 
313 	 6.762890e-06 
314 	 6.923127e-06 
315 	 6.972723e-06 
316 	 6.908795e-06 
317 	 6.734208e-06 
318 	 6.457336e-06 
319 	 6.091368e-06 
320 	 5.653242e-06 
321 	 5.162328e-06 
322 	 4.638996e-06 
323 	 4.103223e-06 
324 	 3.573362e-06 
325 	 3.065176e-06 
326 	 2.591197e-06 
327 	 2.160426e-06 
328 	 1.778350e-06 
329 	 1.447226e-06 
330 	 1.166557e-06 
331 	 9.336860e-07 
332 	 7.444223e-07 
333 	 5.936456e-07 
334 	 4.758354e-07 
335 	 3.854980e-07 
336 	 3.174805e-07 
337 	 2.671735e-07 
338 	 2.306159e-07 
339 	 2.045223e-07 
340 	 1.862519e-07 
341 	 1.737414e-07 
342 	 1.654184e-07 
343 	 1.601089e-07 
344 	 1.569499e-07 
345 	 1.553123e-07 
346 	 1.547364e-07 
347 	 1.548829e-07 
348 	 1.554966e-07 
349 	 1.563813e-07 
350 	 1.573848e-07 
351 	 1.583900e-07 
352 	 1.593111e-07 
353 	 1.600924e-07 
354 	 1.607079e-07 
355 	 1.611607e-07 
356 	 1.614814e-07 
357 	 1.617251e-07 
358 	 1.619666e-07 
359 	 1.622934e-07 
360 	 1.627989e-07 
361 	 1.635735e-07 
362 	 1.646972e-07 
363 	 1.662316e-07 
364 	 1.682147e-07 
365 	 1.706558e-07 
366 	 1.735345e-07 
367 	 1.768004e-07 
368 	 1.803761e-07 
369 	 1.841614e-07 
370 	 1.880401e-07 
371 	 1.918865e-07 
372 	 1.955736e-07 
373 	 1.989798e-07 
374 	 2.019958e-07 
375 	 2.045292e-07 
376 	 2.065085e-07 
377 	 2.078841e-07 
378 	 2.086282e-07 
379 	 2.087332e-07 
380 	 2.082083e-07 
381 	 2.070763e-07 
382 	 2.053692e-07 
383 	 2.031248e-07 
384 	 2.003838e-07 
385 	 1.971877e-07 
386 	 1.935777e-07 
387 	 1.895949e-07 
388 	 1.852808e-07 
389 	 1.806786e-07 
390 	 1.758343e-07 
391 	 1.707983e-07 
392 	 1.656254e-07 
393 	 1.603750e-07 
394 	 1.551105e-07 
395 	 1.498971e-07 
396 	 1.448003e-07 
397 	 1.398831e-07 
398 	 1.352034e-07 
399 	 1.308117e-07 
400 	 1.267489e-07 
401 	 1.230450e-07 
402 	 1.197183e-07 
403 	 1.167751e-07 
404 	 1.142104e-07 
405 	 1.120093e-07 
406 	 1.101483e-07 
407 	 1.085977e-07 
408 	 1.073235e-07 
409 	 1.062896e-07 
410 	 1.054598e-07 
411 	 1.047999e-07 
412 	 1.042791e-07 
413 	 1.038710e-07 
414 	 1.035547e-07 
415 	 1.033151e-07 
416 	 1.031429e-07 
417 	 1.030342e-07 
418 	 1.029906e-07 
419 	 1.030177e-07 
420 	 1.031245e-07 
421 	 1.033227e-07 
422 	 1.036252e-07 
423 	 1.040455e-07 
424 	 1.045968e-07 
425 	 1.052912e-07 
426 	 1.061392e-07 
427 	 1.071488e-07 
428 	 1.083259e-07 
429 	 1.096735e-07 
430 	 1.111917e-07 
431 	 1.128777e-07 
432 	 1.147254e-07 
433 	 1.167257e-07 
434 	 1.188660e-07 
435 	 1.211303e-07 
436 	 1.234986e-07 
437 	 1.259471e-07 
438 	 1.284478e-07 
439 	 1.309685e-07 
440 	 1.334731e-07 
441 	 1.359220e-07 
442 	 1.382726e-07 
443 	 1.404807e-07 
444 	 1.425019e-07 
445 	 1.442930e-07 
446 	 1.458145e-07 
447 	 1.470326e-07 
448 	 1.479214e-07 
449 	 1.484650e-07 
450 	 1.486594e-07 
451 	 1.485134e-07 
452 	 1.480497e-07 
453 	 1.473047e-07 
454 	 1.463272e-07 
455 	 1.451772e-07 
456 	 1.439234e-07 
457 	 1.426395e-07 
458 	 1.414015e-07 
459 	 1.402832e-07 
460 	 1.393530e-07 
461 	 1.386698e-07 
462 	 1.382803e-07 
463 	 1.382163e-07 
464 	 1.384933e-07 
465 	 1.391096e-07 
466 	 1.400466e-07 
467 	 1.412701e-07 
468 	 1.427321e-07 
469 	 1.443734e-07 
470 	 1.461269e-07 
471 	 1.479207e-07 
472 	 1.496815e-07 
473 	 1.513380e-07 
474 	 1.528236e-07 
475 	 1.540786e-07 
476 	 1.550522e-07 
477 	 1.557031e-07 
478 	 1.560005e-07 
479 	 1.559232e-07 
480 	 1.554595e-07 
481 	 1.546062e-07 
482 	 1.533671e-07 
483 	 1.517518e-07 
484 	 1.497750e-07 
485 	 1.474547e-07 
486 	 1.448118e-07 
487 	 1.418695e-07 
488 	 1.386527e-07 
489 	 1.351878e-07 
490 	 1.315025e-07 
491 	 1.276259e-07 
492 	 1.235882e-07 
493 	 1.194206e-07 
494 	 1.151551e-07 
495 	 1.108240e-07 
496 	 1.064597e-07 
497 	 1.020940e-07 
498 	 9.775744e-08 
499 	 9.347903e-08 
500 	 8.928544e-08 
