1 	 0.000000e+00 
2 	 2.159613e-03 
3 	 6.022994e-04 
4 	 3.086774e-04 
5 	 2.562068e-04 
6 	 2.631738e-04 
7 	 3.379806e-04 
8 	 6.841340e-04 
9 	 1.630732e-03 
10 	 3.059827e-03 
11 	 3.925255e-03 
12 	 3.367691e-03 
13 	 1.990256e-03 
14 	 9.031330e-04 
15 	 4.198129e-04 
16 	 2.819405e-04 
17 	 2.545486e-04 
18 	 2.499450e-04 
19 	 2.486082e-04 
20 	 2.476788e-04 
21 	 2.468268e-04 
22 	 2.459794e-04 
23 	 2.451110e-04 
24 	 2.442259e-04 
25 	 2.433390e-04 
26 	 2.424561e-04 
27 	 2.415669e-04 
28 	 2.406571e-04 
29 	 2.397257e-04 
30 	 2.387899e-04 
31 	 2.378721e-04 
32 	 2.369818e-04 
33 	 2.361083e-04 
34 	 2.352272e-04 
35 	 2.343143e-04 
36 	 2.333571e-04 
37 	 2.323590e-04 
38 	 2.313384e-04 
39 	 2.303198e-04 
40 	 2.293166e-04 
41 	 2.283017e-04 
42 	 2.271650e-04 
43 	 2.256612e-04 
44 	 2.233687e-04 
45 	 2.197229e-04 
46 	 2.142724e-04 
47 	 2.073109e-04 
48 	 2.007065e-04 
49 	 1.979901e-04 
50 	 2.025379e-04 
51 	 2.144064e-04 
52 	 2.289408e-04 
53 	 2.395634e-04 
54 	 2.425049e-04 
55 	 2.387682e-04 
56 	 2.320458e-04 
57 	 2.255867e-04 
58 	 2.208148e-04 
59 	 2.177300e-04 
60 	 2.157872e-04 
61 	 2.144568e-04 
62 	 2.134035e-04 
63 	 2.124706e-04 
64 	 2.116106e-04 
65 	 2.108228e-04 
66 	 2.101139e-04 
67 	 2.094824e-04 
68 	 2.089159e-04 
69 	 2.083942e-04 
70 	 2.078932e-04 
71 	 2.073905e-04 
72 	 2.068703e-04 
73 	 2.063277e-04 
74 	 2.057670e-04 
75 	 2.051966e-04 
76 	 2.046234e-04 
77 	 2.040491e-04 
78 	 2.034732e-04 
79 	 2.028963e-04 
80 	 2.023231e-04 
81 	 2.017615e-04 
82 	 2.012204e-04 
83 	 2.007069e-04 
84 	 2.002240e-04 
85 	 1.997712e-04 
86 	 1.993452e-04 
87 	 1.989410e-04 
88 	 1.985536e-04 
89 	 1.981793e-04 
90 	 1.978165e-04 
91 	 1.974667e-04 
92 	 1.971339e-04 
93 	 1.968232e-04 
94 	 1.965392e-04 
95 	 1.962836e-04 
96 	 1.960542e-04 
97 	 1.958463e-04 
98 	 1.956544e-04 
99 	 1.954748e-04 
100 	 1.953068e-04 
101 	 1.951535e-04 
102 	 1.950200e-04 
103 	 1.949126e-04 
104 	 1.948365e-04 
105 	 1.947958e-04 
106 	 1.947931e-04 
107 	 1.948296e-04 
108 	 1.949060e-04 
109 	 1.950223e-04 
110 	 1.951788e-04 
111 	 1.953760e-04 
112 	 1.956148e-04 
113 	 1.958969e-04 
114 	 1.962242e-04 
115 	 1.965978e-04 
116 	 1.970181e-04 
117 	 1.974834e-04 
118 	 1.979907e-04 
119 	 1.985357e-04 
120 	 1.991144e-04 
121 	 1.997243e-04 
122 	 2.003656e-04 
123 	 2.010418e-04 
124 	 2.017595e-04 
125 	 2.025280e-04 
126 	 2.033579e-04 
127 	 2.042598e-04 
128 	 2.052431e-04 
129 	 2.063149e-04 
130 	 2.074795e-04 
131 	 2.087372e-04 
132 	 2.100841e-04 
133 	 2.115100e-04 
134 	 2.129964e-04 
135 	 2.145128e-04 
136 	 2.160118e-04 
137 	 2.174235e-04 
138 	 2.186486e-04 
139 	 2.195531e-04 
140 	 2.199652e-04 
141 	 2.196765e-04 
142 	 2.184506e-04 
143 	 2.160383e-04 
144 	 2.122021e-04 
145 	 2.067452e-04 
146 	 1.995434e-04 
147 	 1.905729e-04 
148 	 1.799293e-04 
149 	 1.678319e-04 
150 	 1.546114e-04 
151 	 1.406817e-04 
152 	 1.264989e-04 
153 	 1.125158e-04 
154 	 9.913826e-05 
155 	 8.669102e-05 
156 	 7.539738e-05 
157 	 6.537444e-05 
158 	 5.664216e-05 
159 	 4.914219e-05 
160 	 4.276189e-05 
161 	 3.735855e-05 
162 	 3.278034e-05 
163 	 2.888198e-05 
164 	 2.553466e-05 
165 	 2.263068e-05 
166 	 2.008417e-05 
167 	 1.782928e-05 
168 	 1.581699e-05 
169 	 1.401151e-05 
170 	 1.238701e-05 
171 	 1.092463e-05 
172 	 9.610341e-06 
173 	 8.433169e-06 
174 	 7.384116e-06 
175 	 6.455443e-06 
176 	 5.640385e-06 
177 	 4.933274e-06 
178 	 4.330135e-06 
179 	 3.829932e-06 
180 	 3.436769e-06 
181 	 3.163510e-06 
182 	 3.037533e-06 
183 	 3.109588e-06 
184 	 3.467007e-06 
185 	 4.252756e-06 
186 	 5.691800e-06 
187 	 8.125892e-06 
188 	 1.205677e-05 
189 	 1.819584e-05 
190 	 2.751515e-05 
191 	 4.129068e-05 
192 	 6.112423e-05 
193 	 8.892644e-05 
194 	 1.268417e-04 
195 	 1.770981e-04 
196 	 2.417726e-04 
197 	 3.224768e-04 
198 	 4.199855e-04 
199 	 5.338544e-04 
200 	 6.620891e-04 
201 	 8.009403e-04 
202 	 9.448951e-04 
203 	 1.086915e-03 
204 	 1.218932e-03 
205 	 1.332572e-03 
206 	 1.420017e-03 
207 	 1.474890e-03 
208 	 1.493023e-03 
209 	 1.472979e-03 
210 	 1.416236e-03 
211 	 1.327005e-03 
212 	 1.211709e-03 
213 	 1.078216e-03 
214 	 9.349530e-04 
215 	 7.900339e-04 
216 	 6.505343e-04 
217 	 5.219880e-04 
218 	 4.081450e-04 
219 	 3.109787e-04 
220 	 2.308912e-04 
221 	 1.670490e-04 
222 	 1.177713e-04 
223 	 8.090835e-05 
224 	 5.416333e-05 
225 	 3.533257e-05 
226 	 2.245966e-05 
227 	 1.391200e-05 
228 	 8.397229e-06 
229 	 4.939062e-06 
230 	 2.830869e-06 
231 	 1.581144e-06 
232 	 8.606312e-07 
233 	 4.565555e-07 
234 	 2.360888e-07 
235 	 1.190470e-07 
236 	 5.858081e-08 
237 	 2.817817e-08 
238 	 1.329843e-08 
239 	 6.208793e-09 
240 	 2.919922e-09 
241 	 1.434515e-09 
242 	 7.818141e-10 
243 	 5.036055e-10 
244 	 3.897387e-10 
245 	 3.464697e-10 
246 	 3.330246e-10 
247 	 3.320017e-10 
248 	 3.359991e-10 
249 	 3.412445e-10 
250 	 3.475926e-10 
251 	 3.530993e-10 
252 	 3.574015e-10 
253 	 3.602413e-10 
254 	 3.614817e-10 
255 	 3.611062e-10 
256 	 3.591997e-10 
257 	 3.559162e-10 
258 	 3.514363e-10 
259 	 3.459240e-10 
260 	 3.394893e-10 
261 	 3.321642e-10 
262 	 3.238959e-10 
263 	 3.145589e-10 
264 	 3.039822e-10 
265 	 2.919877e-10 
266 	 2.784330e-10 
267 	 2.632489e-10 
268 	 2.464694e-10 
269 	 2.282450e-10 
270 	 2.088423e-10 
271 	 1.886264e-10 
272 	 1.680332e-10 
273 	 1.475329e-10 
274 	 1.275916e-10 
275 	 1.086360e-10 
276 	 9.102442e-11 
277 	 7.502695e-11 
278 	 6.081610e-11 
279 	 4.846722e-11 
280 	 3.796714e-11 
281 	 2.922895e-11 
282 	 2.211002e-11 
283 	 1.643121e-11 
284 	 1.199487e-11 
285 	 8.600293e-12 
286 	 6.055841e-12 
287 	 4.187306e-12 
288 	 2.842845e-12 
289 	 1.894928e-12 
290 	 1.239990e-12 
291 	 7.965221e-13 
292 	 5.022295e-13 
293 	 3.108163e-13 
294 	 1.887893e-13 
295 	 1.125382e-13 
296 	 6.583387e-14 
297 	 3.779256e-14 
298 	 2.128883e-14 
299 	 1.176713e-14 
300 	 6.381805e-15 
301 	 3.395967e-15 
302 	 1.773019e-15 
303 	 9.082000e-16 
304 	 4.564124e-16 
305 	 2.250252e-16 
306 	 1.088414e-16 
307 	 5.164619e-17 
308 	 2.404120e-17 
309 	 1.097845e-17 
310 	 4.875797e-18 
311 	 2.144654e-18 
312 	 9.252862e-19 
313 	 3.915636e-19 
314 	 1.625309e-19 
315 	 0.000000e+00 
316 	 0.000000e+00 
317 	 0.000000e+00 
318 	 0.000000e+00 
319 	 0.000000e+00 
320 	 0.000000e+00 
321 	 0.000000e+00 
322 	 0.000000e+00 
323 	 0.000000e+00 
324 	 0.000000e+00 
325 	 0.000000e+00 
326 	 0.000000e+00 
327 	 0.000000e+00 
328 	 0.000000e+00 
329 	 0.000000e+00 
330 	 0.000000e+00 
331 	 0.000000e+00 
332 	 0.000000e+00 
333 	 0.000000e+00 
334 	 0.000000e+00 
335 	 0.000000e+00 
336 	 0.000000e+00 
337 	 0.000000e+00 
338 	 0.000000e+00 
339 	 0.000000e+00 
340 	 0.000000e+00 
341 	 0.000000e+00 
342 	 0.000000e+00 
343 	 0.000000e+00 
344 	 0.000000e+00 
345 	 0.000000e+00 
346 	 0.000000e+00 
347 	 0.000000e+00 
348 	 0.000000e+00 
349 	 0.000000e+00 
350 	 0.000000e+00 
351 	 0.000000e+00 
352 	 0.000000e+00 
353 	 0.000000e+00 
354 	 0.000000e+00 
355 	 0.000000e+00 
356 	 0.000000e+00 
357 	 0.000000e+00 
358 	 0.000000e+00 
359 	 0.000000e+00 
360 	 0.000000e+00 
361 	 0.000000e+00 
362 	 0.000000e+00 
363 	 0.000000e+00 
364 	 0.000000e+00 
365 	 0.000000e+00 
366 	 0.000000e+00 
367 	 0.000000e+00 
368 	 0.000000e+00 
369 	 0.000000e+00 
370 	 0.000000e+00 
371 	 0.000000e+00 
372 	 0.000000e+00 
373 	 0.000000e+00 
374 	 0.000000e+00 
375 	 0.000000e+00 
376 	 0.000000e+00 
377 	 0.000000e+00 
378 	 0.000000e+00 
379 	 0.000000e+00 
380 	 0.000000e+00 
381 	 0.000000e+00 
382 	 0.000000e+00 
383 	 0.000000e+00 
384 	 0.000000e+00 
385 	 0.000000e+00 
386 	 0.000000e+00 
387 	 0.000000e+00 
388 	 0.000000e+00 
389 	 0.000000e+00 
390 	 0.000000e+00 
391 	 0.000000e+00 
392 	 0.000000e+00 
393 	 0.000000e+00 
394 	 0.000000e+00 
395 	 0.000000e+00 
396 	 0.000000e+00 
397 	 0.000000e+00 
398 	 0.000000e+00 
399 	 0.000000e+00 
400 	 0.000000e+00 
401 	 0.000000e+00 
402 	 0.000000e+00 
403 	 0.000000e+00 
404 	 0.000000e+00 
405 	 0.000000e+00 
406 	 0.000000e+00 
407 	 0.000000e+00 
408 	 0.000000e+00 
409 	 0.000000e+00 
410 	 0.000000e+00 
411 	 0.000000e+00 
412 	 0.000000e+00 
413 	 0.000000e+00 
414 	 0.000000e+00 
415 	 0.000000e+00 
416 	 0.000000e+00 
417 	 0.000000e+00 
418 	 0.000000e+00 
419 	 0.000000e+00 
420 	 0.000000e+00 
421 	 0.000000e+00 
422 	 0.000000e+00 
423 	 0.000000e+00 
424 	 0.000000e+00 
425 	 0.000000e+00 
426 	 0.000000e+00 
427 	 0.000000e+00 
428 	 0.000000e+00 
429 	 0.000000e+00 
430 	 0.000000e+00 
431 	 0.000000e+00 
432 	 0.000000e+00 
433 	 0.000000e+00 
434 	 0.000000e+00 
435 	 0.000000e+00 
436 	 0.000000e+00 
437 	 0.000000e+00 
438 	 0.000000e+00 
439 	 0.000000e+00 
440 	 0.000000e+00 
441 	 0.000000e+00 
442 	 0.000000e+00 
443 	 0.000000e+00 
444 	 0.000000e+00 
445 	 0.000000e+00 
446 	 0.000000e+00 
447 	 0.000000e+00 
448 	 0.000000e+00 
449 	 0.000000e+00 
450 	 0.000000e+00 
451 	 0.000000e+00 
452 	 0.000000e+00 
453 	 0.000000e+00 
454 	 0.000000e+00 
455 	 0.000000e+00 
456 	 0.000000e+00 
457 	 0.000000e+00 
458 	 0.000000e+00 
459 	 0.000000e+00 
460 	 0.000000e+00 
461 	 0.000000e+00 
462 	 0.000000e+00 
463 	 0.000000e+00 
464 	 0.000000e+00 
465 	 0.000000e+00 
466 	 0.000000e+00 
467 	 0.000000e+00 
468 	 0.000000e+00 
469 	 0.000000e+00 
470 	 0.000000e+00 
471 	 0.000000e+00 
472 	 0.000000e+00 
473 	 0.000000e+00 
474 	 0.000000e+00 
475 	 0.000000e+00 
476 	 0.000000e+00 
477 	 0.000000e+00 
478 	 0.000000e+00 
479 	 0.000000e+00 
480 	 0.000000e+00 
481 	 0.000000e+00 
482 	 0.000000e+00 
483 	 0.000000e+00 
484 	 0.000000e+00 
485 	 0.000000e+00 
486 	 0.000000e+00 
487 	 0.000000e+00 
488 	 0.000000e+00 
489 	 0.000000e+00 
490 	 0.000000e+00 
491 	 0.000000e+00 
492 	 0.000000e+00 
493 	 0.000000e+00 
494 	 0.000000e+00 
495 	 0.000000e+00 
496 	 0.000000e+00 
497 	 0.000000e+00 
498 	 0.000000e+00 
499 	 0.000000e+00 
500 	 0.000000e+00 
