1 	 0.000000e+00 
2 	 2.711600e-02 
3 	 1.713744e-02 
4 	 1.058896e-02 
5 	 5.035829e-03 
6 	 2.373208e-03 
7 	 1.197520e-03 
8 	 8.079004e-04 
9 	 1.621920e-03 
10 	 4.898107e-03 
11 	 1.214901e-02 
12 	 2.173379e-02 
13 	 2.758268e-02 
14 	 2.526769e-02 
15 	 1.741320e-02 
16 	 9.594455e-03 
17 	 4.489240e-03 
18 	 1.877880e-03 
19 	 7.918874e-04 
20 	 4.375862e-04 
21 	 3.497405e-04 
22 	 3.339661e-04 
23 	 3.371389e-04 
24 	 3.541061e-04 
25 	 3.900209e-04 
26 	 4.470906e-04 
27 	 5.177463e-04 
28 	 5.842189e-04 
29 	 6.288868e-04 
30 	 6.536370e-04 
31 	 6.986449e-04 
32 	 8.496589e-04 
33 	 1.226417e-03 
34 	 1.946203e-03 
35 	 3.060043e-03 
36 	 4.478535e-03 
37 	 5.935770e-03 
38 	 7.046469e-03 
39 	 7.460501e-03 
40 	 7.035716e-03 
41 	 5.913493e-03 
42 	 4.441713e-03 
43 	 3.000869e-03 
44 	 1.849961e-03 
45 	 1.072730e-03 
46 	 6.198458e-04 
47 	 3.881599e-04 
48 	 2.826241e-04 
49 	 2.414846e-04 
50 	 2.332075e-04 
51 	 2.422932e-04 
52 	 2.578610e-04 
53 	 2.707280e-04 
54 	 2.758785e-04 
55 	 2.737583e-04 
56 	 2.679148e-04 
57 	 2.615924e-04 
58 	 2.560734e-04 
59 	 2.509229e-04 
60 	 2.450001e-04 
61 	 2.374468e-04 
62 	 2.283074e-04 
63 	 2.185780e-04 
64 	 2.096927e-04 
65 	 2.028412e-04 
66 	 1.987614e-04 
67 	 1.984695e-04 
68 	 2.048398e-04 
69 	 2.243214e-04 
70 	 2.675884e-04 
71 	 3.477354e-04 
72 	 4.751172e-04 
73 	 6.495946e-04 
74 	 8.535643e-04 
75 	 1.050973e-03 
76 	 1.196014e-03 
77 	 1.249742e-03 
78 	 1.196667e-03 
79 	 1.051741e-03 
80 	 8.534357e-04 
81 	 6.472235e-04 
82 	 4.690351e-04 
83 	 3.366441e-04 
84 	 2.506947e-04 
85 	 2.015859e-04 
86 	 1.769604e-04 
87 	 1.665077e-04 
88 	 1.635498e-04 
89 	 1.645244e-04 
90 	 1.677266e-04 
91 	 1.722061e-04 
92 	 1.771757e-04 
93 	 1.819409e-04 
94 	 1.861927e-04 
95 	 1.904686e-04 
96 	 1.966275e-04 
97 	 2.082571e-04 
98 	 2.309652e-04 
99 	 2.724413e-04 
100 	 3.420320e-04 
101 	 4.494692e-04 
102 	 6.024893e-04 
103 	 8.034987e-04 
104 	 1.046089e-03 
105 	 1.312789e-03 
106 	 1.575568e-03 
107 	 1.799914e-03 
108 	 1.952023e-03 
109 	 2.007115e-03 
110 	 1.956076e-03 
111 	 1.807951e-03 
112 	 1.587347e-03 
113 	 1.327733e-03 
114 	 1.063158e-03 
115 	 8.211677e-04 
116 	 6.188757e-04 
117 	 4.626113e-04 
118 	 3.502759e-04 
119 	 2.748747e-04 
120 	 2.278207e-04 
121 	 2.011899e-04 
122 	 1.887574e-04 
123 	 1.860876e-04 
124 	 1.901137e-04 
125 	 1.985883e-04 
126 	 2.096513e-04 
127 	 2.216147e-04 
128 	 2.329611e-04 
129 	 2.424847e-04 
130 	 2.494709e-04 
131 	 2.538119e-04 
132 	 2.559813e-04 
133 	 2.568490e-04 
134 	 2.573758e-04 
135 	 2.582798e-04 
136 	 2.597808e-04 
137 	 2.615066e-04 
138 	 2.625929e-04 
139 	 2.619403e-04 
140 	 2.585453e-04 
141 	 2.518002e-04 
142 	 2.416751e-04 
143 	 2.287378e-04 
144 	 2.140215e-04 
145 	 1.987923e-04 
146 	 1.842906e-04 
147 	 1.715132e-04 
148 	 1.610817e-04 
149 	 1.532101e-04 
150 	 1.477551e-04 
151 	 1.443201e-04 
152 	 1.423769e-04 
153 	 1.413768e-04 
154 	 1.408346e-04 
155 	 1.403777e-04 
156 	 1.397644e-04 
157 	 1.388767e-04 
158 	 1.376975e-04 
159 	 1.362810e-04 
160 	 1.347214e-04 
161 	 1.331279e-04 
162 	 1.316059e-04 
163 	 1.302460e-04 
164 	 1.291201e-04 
165 	 1.282818e-04 
166 	 1.277691e-04 
167 	 1.276073e-04 
168 	 1.278097e-04 
169 	 1.283765e-04 
170 	 1.292919e-04 
171 	 1.305192e-04 
172 	 1.319982e-04 
173 	 1.336431e-04 
174 	 1.353451e-04 
175 	 1.369782e-04 
176 	 1.384090e-04 
177 	 1.395079e-04 
178 	 1.401618e-04 
179 	 1.402840e-04 
180 	 1.398215e-04 
181 	 1.387583e-04 
182 	 1.371146e-04 
183 	 1.349427e-04 
184 	 1.323210e-04 
185 	 1.293470e-04 
186 	 1.261294e-04 
187 	 1.227820e-04 
188 	 1.194167e-04 
189 	 1.161384e-04 
190 	 1.130400e-04 
191 	 1.101987e-04 
192 	 1.076734e-04 
193 	 1.055038e-04 
194 	 1.037113e-04 
195 	 1.023011e-04 
196 	 1.012657e-04 
197 	 1.005891e-04 
198 	 1.002506e-04 
199 	 1.002285e-04 
200 	 1.005021e-04 
201 	 1.010533e-04 
202 	 1.018662e-04 
203 	 1.029256e-04 
204 	 1.042146e-04 
205 	 1.057116e-04 
206 	 1.073870e-04 
207 	 1.092002e-04 
208 	 1.110979e-04 
209 	 1.130141e-04 
210 	 1.148714e-04 
211 	 1.165853e-04 
212 	 1.180703e-04 
213 	 1.192471e-04 
214 	 1.200507e-04 
215 	 1.204377e-04 
216 	 1.203918e-04 
217 	 1.199264e-04 
218 	 1.190844e-04 
219 	 1.179350e-04 
220 	 1.165681e-04 
221 	 1.150878e-04 
222 	 1.136066e-04 
223 	 1.122405e-04 
224 	 1.111072e-04 
225 	 1.103273e-04 
226 	 1.100266e-04 
227 	 1.103403e-04 
228 	 1.114160e-04 
229 	 1.134135e-04 
230 	 1.165008e-04 
231 	 1.208436e-04 
232 	 1.265887e-04 
233 	 1.338418e-04 
234 	 1.426416e-04 
235 	 1.529339e-04 
236 	 1.645491e-04 
237 	 1.771878e-04 
238 	 1.904189e-04 
239 	 2.036923e-04 
240 	 2.163688e-04 
241 	 2.277643e-04 
242 	 2.372053e-04 
243 	 2.440897e-04 
244 	 2.479450e-04 
245 	 2.484763e-04 
246 	 2.455979e-04 
247 	 2.394431e-04 
248 	 2.303512e-04 
249 	 2.188345e-04 
250 	 2.055283e-04 
251 	 1.911325e-04 
252 	 1.763518e-04 
253 	 1.618419e-04 
254 	 1.481670e-04 
255 	 1.357723e-04 
256 	 1.249722e-04 
257 	 1.159522e-04 
258 	 1.087813e-04 
259 	 1.034316e-04 
260 	 9.979939e-05 
261 	 9.772662e-05 
262 	 9.701817e-05 
263 	 9.745561e-05 
264 	 9.880676e-05 
265 	 1.008322e-04 
266 	 1.032902e-04 
267 	 1.059410e-04 
268 	 1.085525e-04 
269 	 1.109068e-04 
270 	 1.128085e-04 
271 	 1.140928e-04 
272 	 1.146348e-04 
273 	 1.143557e-04 
274 	 1.132276e-04 
275 	 1.112744e-04 
276 	 1.085687e-04 
277 	 1.052264e-04 
278 	 1.013971e-04 
279 	 9.725380e-05 
280 	 9.298227e-05 
281 	 8.877049e-05 
282 	 8.480057e-05 
283 	 8.124264e-05 
284 	 7.825132e-05 
285 	 7.596411e-05 
286 	 7.450111e-05 
287 	 7.396509e-05 
288 	 7.444086e-05 
289 	 7.599317e-05 
290 	 7.866279e-05 
291 	 8.246050e-05 
292 	 8.735983e-05 
293 	 9.328931e-05 
294 	 1.001256e-04 
295 	 1.076891e-04 
296 	 1.157437e-04 
297 	 1.240009e-04 
298 	 1.321306e-04 
299 	 1.397766e-04 
300 	 1.465772e-04 
301 	 1.521886e-04 
302 	 1.563093e-04 
303 	 1.587025e-04 
304 	 1.592147e-04 
305 	 1.577877e-04 
306 	 1.544625e-04 
307 	 1.493759e-04 
308 	 1.427488e-04 
309 	 1.348676e-04 
310 	 1.260627e-04 
311 	 1.166836e-04 
312 	 1.070757e-04 
313 	 9.755993e-05 
314 	 8.841665e-05 
315 	 7.987561e-05 
316 	 7.211160e-05 
317 	 6.524565e-05 
318 	 5.935070e-05 
319 	 5.446042e-05 
320 	 5.057973e-05 
321 	 4.769557e-05 
322 	 4.578678e-05 
323 	 4.483204e-05 
324 	 4.481547e-05 
325 	 4.572941e-05 
326 	 4.757460e-05 
327 	 5.035785e-05 
328 	 5.408768e-05 
329 	 5.876860e-05 
330 	 6.439442e-05 
331 	 7.094151e-05 
332 	 7.836245e-05 
333 	 8.658086e-05 
334 	 9.548785e-05 
335 	 1.049405e-04 
336 	 1.147629e-04 
337 	 1.247489e-04 
338 	 1.346686e-04 
339 	 1.442750e-04 
340 	 1.533141e-04 
341 	 1.615351e-04 
342 	 1.687006e-04 
343 	 1.745979e-04 
344 	 1.790484e-04 
345 	 1.819153e-04 
346 	 1.831108e-04 
347 	 1.825994e-04 
348 	 1.803995e-04 
349 	 1.765827e-04 
350 	 1.712699e-04 
351 	 1.646256e-04 
352 	 1.568500e-04 
353 	 1.481697e-04 
354 	 1.388274e-04 
355 	 1.290707e-04 
356 	 1.191422e-04 
357 	 1.092693e-04 
358 	 9.965598e-05 
359 	 9.047631e-05 
360 	 8.187000e-05 
361 	 7.394023e-05 
362 	 6.675363e-05 
363 	 6.034220e-05 
364 	 5.470694e-05 
365 	 4.982253e-05 
366 	 4.564276e-05 
367 	 4.210621e-05 
368 	 3.914169e-05 
369 	 3.667314e-05 
370 	 3.462384e-05 
371 	 3.291965e-05 
372 	 3.149147e-05 
373 	 3.027672e-05 
374 	 2.922028e-05 
375 	 2.827471e-05 
376 	 2.740021e-05 
377 	 2.656424e-05 
378 	 2.574105e-05 
379 	 2.491119e-05 
380 	 2.406098e-05 
381 	 2.318205e-05 
382 	 2.227091e-05 
383 	 2.132847e-05 
384 	 2.035958e-05 
385 	 1.937251e-05 
386 	 1.837835e-05 
387 	 1.739034e-05 
388 	 1.642312e-05 
389 	 1.549198e-05 
390 	 1.461206e-05 
391 	 1.379751e-05 
392 	 1.306086e-05 
393 	 1.241224e-05 
394 	 1.185896e-05 
395 	 1.140499e-05 
396 	 1.105078e-05 
397 	 1.079311e-05 
398 	 1.062518e-05 
399 	 1.053686e-05 
400 	 1.051508e-05 
401 	 1.054437e-05 
402 	 1.060763e-05 
403 	 1.068692e-05 
404 	 1.076434e-05 
405 	 1.082306e-05 
406 	 1.084820e-05 
407 	 1.082784e-05 
408 	 1.075381e-05 
409 	 1.062243e-05 
410 	 1.043504e-05 
411 	 1.019846e-05 
412 	 9.925127e-06 
413 	 9.633151e-06 
414 	 9.346165e-06 
415 	 9.093016e-06 
416 	 8.907323e-06 
417 	 8.826902e-06 
418 	 8.893065e-06 
419 	 9.149776e-06 
420 	 9.642653e-06 
421 	 1.041778e-05 
422 	 1.152029e-05 
423 	 1.299273e-05 
424 	 1.487311e-05 
425 	 1.719279e-05 
426 	 1.997409e-05 
427 	 2.322785e-05 
428 	 2.695106e-05 
429 	 3.112456e-05 
430 	 3.571129e-05 
431 	 4.065509e-05 
432 	 4.588032e-05 
433 	 5.129254e-05 
434 	 5.678026e-05 
435 	 6.221792e-05 
436 	 6.746996e-05 
437 	 7.239594e-05 
438 	 7.685636e-05 
439 	 8.071893e-05 
440 	 8.386488e-05 
441 	 8.619482e-05 
442 	 8.763392e-05 
443 	 8.813573e-05 
444 	 8.768469e-05 
445 	 8.629686e-05 
446 	 8.401894e-05 
447 	 8.092568e-05 
448 	 7.711575e-05 
449 	 7.270656e-05 
450 	 6.782817e-05 
451 	 6.261702e-05 
452 	 5.720959e-05 
453 	 5.173665e-05 
454 	 4.631826e-05 
455 	 4.105985e-05 
456 	 3.604946e-05 
457 	 3.135628e-05 
458 	 2.703029e-05 
459 	 2.310296e-05 
460 	 1.958884e-05 
461 	 1.648770e-05 
462 	 1.378713e-05 
463 	 1.146524e-05 
464 	 9.493343e-06 
465 	 7.838468e-06 
466 	 6.465521e-06 
467 	 5.339104e-06 
468 	 4.424914e-06 
469 	 3.690762e-06 
470 	 3.107219e-06 
471 	 2.647973e-06 
472 	 2.289932e-06 
473 	 2.013151e-06 
474 	 1.800635e-06 
475 	 1.638076e-06 
476 	 1.513551e-06 
477 	 1.417229e-06 
478 	 1.341090e-06 
479 	 1.278674e-06 
480 	 1.224863e-06 
481 	 1.175697e-06 
482 	 1.128212e-06 
483 	 1.080301e-06 
484 	 1.030595e-06 
485 	 9.783430e-07 
486 	 9.233136e-07 
487 	 8.656888e-07 
488 	 8.059690e-07 
489 	 7.448800e-07 
490 	 6.832875e-07 
491 	 6.221187e-07 
492 	 5.622946e-07 
493 	 5.046737e-07 
494 	 4.500078e-07 
495 	 3.989119e-07 
496 	 3.518460e-07 
497 	 3.091090e-07 
498 	 2.708431e-07 
499 	 2.370463e-07 
500 	 2.075915e-07 
