1 	 0.000000e+00 
2 	 1.013078e-05 
3 	 9.812349e-06 
4 	 1.010545e-05 
5 	 1.006885e-05 
6 	 1.004455e-05 
7 	 1.001869e-05 
8 	 1.000042e-05 
9 	 9.995118e-06 
10 	 1.001907e-05 
11 	 1.009074e-05 
12 	 1.018638e-05 
13 	 1.025690e-05 
14 	 1.027619e-05 
15 	 1.025549e-05 
16 	 1.021859e-05 
17 	 1.017947e-05 
18 	 1.014185e-05 
19 	 1.010720e-05 
20 	 1.007745e-05 
21 	 1.005260e-05 
22 	 1.002946e-05 
23 	 1.000420e-05 
24 	 9.975928e-06 
25 	 9.947494e-06 
26 	 9.922881e-06 
27 	 9.903957e-06 
28 	 9.889311e-06 
29 	 9.875692e-06 
30 	 9.860427e-06 
31 	 9.842804e-06 
32 	 9.823703e-06 
33 	 9.804393e-06 
34 	 9.785729e-06 
35 	 9.768072e-06 
36 	 9.751515e-06 
37 	 9.736000e-06 
38 	 9.721376e-06 
39 	 9.707396e-06 
40 	 9.693368e-06 
41 	 9.677120e-06 
42 	 9.653211e-06 
43 	 9.610705e-06 
44 	 9.531419e-06 
45 	 9.391371e-06 
46 	 9.171665e-06 
47 	 8.885598e-06 
48 	 8.614304e-06 
49 	 8.510510e-06 
50 	 8.720130e-06 
51 	 9.246102e-06 
52 	 9.888963e-06 
53 	 1.036670e-05 
54 	 1.051698e-05 
55 	 1.038050e-05 
56 	 1.011267e-05 
57 	 9.851488e-06 
58 	 9.659307e-06 
59 	 9.538825e-06 
60 	 9.468942e-06 
61 	 9.427918e-06 
62 	 9.401430e-06 
63 	 9.382752e-06 
64 	 9.370179e-06 
65 	 9.364019e-06 
66 	 9.364190e-06 
67 	 9.369009e-06 
68 	 9.375406e-06 
69 	 9.380135e-06 
70 	 9.381116e-06 
71 	 9.378085e-06 
72 	 9.372298e-06 
73 	 9.365629e-06 
74 	 9.359635e-06 
75 	 9.354993e-06 
76 	 9.351453e-06 
77 	 9.348175e-06 
78 	 9.344237e-06 
79 	 9.339037e-06 
80 	 9.332455e-06 
81 	 9.324744e-06 
82 	 9.316293e-06 
83 	 9.307424e-06 
84 	 9.298346e-06 
85 	 9.289257e-06 
86 	 9.280489e-06 
87 	 9.272564e-06 
88 	 9.266089e-06 
89 	 9.261545e-06 
90 	 9.259093e-06 
91 	 9.258513e-06 
92 	 9.259317e-06 
93 	 9.260941e-06 
94 	 9.262917e-06 
95 	 9.264909e-06 
96 	 9.266618e-06 
97 	 9.267629e-06 
98 	 9.267282e-06 
99 	 9.264636e-06 
100 	 9.258556e-06 
101 	 9.247862e-06 
102 	 9.231534e-06 
103 	 9.208891e-06 
104 	 9.179738e-06 
105 	 9.144438e-06 
106 	 9.103912e-06 
107 	 9.059550e-06 
108 	 9.013049e-06 
109 	 8.966197e-06 
110 	 8.920636e-06 
111 	 8.877667e-06 
112 	 8.838120e-06 
113 	 8.802330e-06 
114 	 8.770228e-06 
115 	 8.741488e-06 
116 	 8.715728e-06 
117 	 8.692673e-06 
118 	 8.672290e-06 
119 	 8.654864e-06 
120 	 8.641066e-06 
121 	 8.632070e-06 
122 	 8.629780e-06 
123 	 8.637218e-06 
124 	 8.659049e-06 
125 	 8.702135e-06 
126 	 8.775907e-06 
127 	 8.892229e-06 
128 	 9.064426e-06 
129 	 9.305221e-06 
130 	 9.623592e-06 
131 	 1.002095e-05 
132 	 1.048751e-05 
133 	 1.099991e-05 
134 	 1.152148e-05 
135 	 1.200554e-05 
136 	 1.240197e-05 
137 	 1.266566e-05 
138 	 1.276508e-05 
139 	 1.268859e-05 
140 	 1.244698e-05 
141 	 1.207132e-05 
142 	 1.160703e-05 
143 	 1.110565e-05 
144 	 1.061671e-05 
145 	 1.018151e-05 
146 	 9.829991e-06 
147 	 9.580725e-06 
148 	 9.443125e-06 
149 	 9.420641e-06 
150 	 9.513529e-06 
151 	 9.720231e-06 
152 	 1.003700e-05 
153 	 1.045599e-05 
154 	 1.096263e-05 
155 	 1.153318e-05 
156 	 1.213377e-05 
157 	 1.272151e-05 
158 	 1.324810e-05 
159 	 1.366548e-05 
160 	 1.393255e-05 
161 	 1.402161e-05 
162 	 1.392283e-05 
163 	 1.364598e-05 
164 	 1.321869e-05 
165 	 1.268189e-05 
166 	 1.208320e-05 
167 	 1.147008e-05 
168 	 1.088375e-05 
169 	 1.035508e-05 
170 	 9.902953e-06 
171 	 9.534697e-06 
172 	 9.248190e-06 
173 	 9.034792e-06 
174 	 8.882349e-06 
175 	 8.777740e-06 
176 	 8.708696e-06 
177 	 8.664823e-06 
178 	 8.637977e-06 
179 	 8.622183e-06 
180 	 8.613293e-06 
181 	 8.608563e-06 
182 	 8.606253e-06 
183 	 8.605289e-06 
184 	 8.605025e-06 
185 	 8.605081e-06 
186 	 8.605241e-06 
187 	 8.605395e-06 
188 	 8.605502e-06 
189 	 8.605572e-06 
190 	 8.605644e-06 
191 	 8.605780e-06 
192 	 8.606044e-06 
193 	 8.606495e-06 
194 	 8.607178e-06 
195 	 8.608116e-06 
196 	 8.609312e-06 
197 	 8.610752e-06 
198 	 8.612412e-06 
199 	 8.614265e-06 
200 	 8.616293e-06 
201 	 8.618491e-06 
202 	 8.620871e-06 
203 	 8.623460e-06 
204 	 8.626292e-06 
205 	 8.629404e-06 
206 	 8.632824e-06 
207 	 8.636567e-06 
208 	 8.640630e-06 
209 	 8.644996e-06 
210 	 8.649633e-06 
211 	 8.654507e-06 
212 	 8.659586e-06 
213 	 8.664851e-06 
214 	 8.670299e-06 
215 	 8.675945e-06 
216 	 8.681821e-06 
217 	 8.687969e-06 
218 	 8.694434e-06 
219 	 8.701255e-06 
220 	 8.708459e-06 
221 	 8.716054e-06 
222 	 8.724026e-06 
223 	 8.732342e-06 
224 	 8.740946e-06 
225 	 8.749770e-06 
226 	 8.758735e-06 
227 	 8.767756e-06 
228 	 8.776747e-06 
229 	 8.785626e-06 
230 	 8.794313e-06 
231 	 8.802736e-06 
232 	 8.810833e-06 
233 	 8.818552e-06 
234 	 8.825859e-06 
235 	 8.832735e-06 
236 	 8.839184e-06 
237 	 8.845233e-06 
238 	 8.850933e-06 
239 	 8.856355e-06 
240 	 8.861590e-06 
241 	 8.866740e-06 
242 	 8.871916e-06 
243 	 8.877227e-06 
244 	 8.882779e-06 
245 	 8.888668e-06 
246 	 8.894974e-06 
247 	 8.901765e-06 
248 	 8.909094e-06 
249 	 8.917000e-06 
250 	 8.925509e-06 
251 	 8.934638e-06 
252 	 8.944396e-06 
253 	 8.954783e-06 
254 	 8.965796e-06 
255 	 8.977428e-06 
256 	 8.989669e-06 
257 	 9.002506e-06 
258 	 9.015931e-06 
259 	 9.029932e-06 
260 	 9.044502e-06 
261 	 9.059637e-06 
262 	 9.075334e-06 
263 	 9.091594e-06 
264 	 9.108418e-06 
265 	 9.125809e-06 
266 	 9.143768e-06 
267 	 9.162296e-06 
268 	 9.181391e-06 
269 	 9.201056e-06 
270 	 9.221297e-06 
271 	 9.242134e-06 
272 	 9.263608e-06 
273 	 9.285793e-06 
274 	 9.308807e-06 
275 	 9.332833e-06 
276 	 9.358128e-06 
277 	 9.385038e-06 
278 	 9.414013e-06 
279 	 9.445603e-06 
280 	 9.480462e-06 
281 	 9.519325e-06 
282 	 9.562981e-06 
283 	 9.612229e-06 
284 	 9.667810e-06 
285 	 9.730338e-06 
286 	 9.800210e-06 
287 	 9.877519e-06 
288 	 9.961972e-06 
289 	 1.005282e-05 
290 	 1.014883e-05 
291 	 1.024826e-05 
292 	 1.034894e-05 
293 	 1.044832e-05 
294 	 1.054364e-05 
295 	 1.063209e-05 
296 	 1.071099e-05 
297 	 1.077803e-05 
298 	 1.083139e-05 
299 	 1.086996e-05 
300 	 1.089337e-05 
301 	 1.090205e-05 
302 	 1.089720e-05 
303 	 1.088067e-05 
304 	 1.085482e-05 
305 	 1.082233e-05 
306 	 1.078603e-05 
307 	 1.074864e-05 
308 	 1.071269e-05 
309 	 1.068031e-05 
310 	 1.065320e-05 
311 	 1.063257e-05 
312 	 1.061913e-05 
313 	 1.061319e-05 
314 	 1.061466e-05 
315 	 1.062318e-05 
316 	 1.063817e-05 
317 	 1.065896e-05 
318 	 1.068482e-05 
319 	 1.071503e-05 
320 	 1.074892e-05 
321 	 1.078591e-05 
322 	 1.082548e-05 
323 	 1.086724e-05 
324 	 1.091085e-05 
325 	 1.095606e-05 
326 	 1.100269e-05 
327 	 1.105060e-05 
328 	 1.109968e-05 
329 	 1.114985e-05 
330 	 1.120105e-05 
331 	 1.125323e-05 
332 	 1.130634e-05 
333 	 1.136034e-05 
334 	 1.141519e-05 
335 	 1.147085e-05 
336 	 1.152728e-05 
337 	 1.158446e-05 
338 	 1.164237e-05 
339 	 1.170099e-05 
340 	 1.176031e-05 
341 	 1.182036e-05 
342 	 1.188114e-05 
343 	 1.194269e-05 
344 	 1.200504e-05 
345 	 1.206823e-05 
346 	 1.213231e-05 
347 	 1.219733e-05 
348 	 1.226331e-05 
349 	 1.233032e-05 
350 	 1.239836e-05 
351 	 1.246747e-05 
352 	 1.253765e-05 
353 	 1.260890e-05 
354 	 1.268122e-05 
355 	 1.275457e-05 
356 	 1.282892e-05 
357 	 1.290419e-05 
358 	 1.298032e-05 
359 	 1.305720e-05 
360 	 1.313470e-05 
361 	 1.321264e-05 
362 	 1.329079e-05 
363 	 1.336887e-05 
364 	 1.344649e-05 
365 	 1.352319e-05 
366 	 1.359836e-05 
367 	 1.367124e-05 
368 	 1.374089e-05 
369 	 1.380617e-05 
370 	 1.386568e-05 
371 	 1.391780e-05 
372 	 1.396060e-05 
373 	 1.399190e-05 
374 	 1.400922e-05 
375 	 1.400988e-05 
376 	 1.399096e-05 
377 	 1.394943e-05 
378 	 1.388221e-05 
379 	 1.378627e-05 
380 	 1.365878e-05 
381 	 1.349720e-05 
382 	 1.329945e-05 
383 	 1.306403e-05 
384 	 1.279017e-05 
385 	 1.247787e-05 
386 	 1.212802e-05 
387 	 1.174242e-05 
388 	 1.132378e-05 
389 	 1.087562e-05 
390 	 1.040225e-05 
391 	 9.908567e-06 
392 	 9.399941e-06 
393 	 8.881996e-06 
394 	 8.360428e-06 
395 	 7.840803e-06 
396 	 7.328376e-06 
397 	 6.827928e-06 
398 	 6.343638e-06 
399 	 5.878990e-06 
400 	 5.436716e-06 
401 	 5.018783e-06 
402 	 4.626416e-06 
403 	 4.260149e-06 
404 	 3.919902e-06 
405 	 3.605080e-06 
406 	 3.314670e-06 
407 	 3.047354e-06 
408 	 2.801609e-06 
409 	 2.575799e-06 
410 	 2.368262e-06 
411 	 2.177370e-06 
412 	 2.001586e-06 
413 	 1.839498e-06 
414 	 1.689848e-06 
415 	 1.551540e-06 
416 	 1.423656e-06 
417 	 1.305448e-06 
418 	 1.196351e-06 
419 	 1.095980e-06 
420 	 1.004145e-06 
421 	 9.208697e-07 
422 	 8.464220e-07 
423 	 7.813646e-07 
424 	 7.266175e-07 
425 	 6.835428e-07 
426 	 6.540490e-07 
427 	 6.407151e-07 
428 	 6.469334e-07 
429 	 6.770655e-07 
430 	 7.366050e-07 
431 	 8.323378e-07 
432 	 9.724839e-07 
433 	 1.166805e-06 
434 	 1.426658e-06 
435 	 1.764967e-06 
436 	 2.196090e-06 
437 	 2.735566e-06 
438 	 3.399702e-06 
439 	 4.205001e-06 
440 	 5.167422e-06 
441 	 6.301477e-06 
442 	 7.619182e-06 
443 	 9.128917e-06 
444 	 1.083423e-05 
445 	 1.273269e-05 
446 	 1.481482e-05 
447 	 1.706329e-05 
448 	 1.945237e-05 
449 	 2.194778e-05 
450 	 2.450707e-05 
451 	 2.708038e-05 
452 	 2.961182e-05 
453 	 3.204132e-05 
454 	 3.430684e-05 
455 	 3.634697e-05 
456 	 3.810362e-05 
457 	 3.952477e-05 
458 	 4.056700e-05 
459 	 4.119771e-05 
460 	 4.139676e-05 
461 	 4.115759e-05 
462 	 4.048752e-05 
463 	 3.940741e-05 
464 	 3.795055e-05 
465 	 3.616096e-05 
466 	 3.409118e-05 
467 	 3.179969e-05 
468 	 2.934820e-05 
469 	 2.679887e-05 
470 	 2.421179e-05 
471 	 2.164274e-05 
472 	 1.914129e-05 
473 	 1.674956e-05 
474 	 1.450135e-05 
475 	 1.242182e-05 
476 	 1.052770e-05 
477 	 8.827805e-06 
478 	 7.323904e-06 
479 	 6.011777e-06 
480 	 4.882397e-06 
481 	 3.923132e-06 
482 	 3.118906e-06 
483 	 2.453244e-06 
484 	 1.909187e-06 
485 	 1.470026e-06 
486 	 1.119878e-06 
487 	 8.440833e-07 
488 	 6.294615e-07 
489 	 4.644324e-07 
490 	 3.390362e-07 
491 	 2.448730e-07 
492 	 1.749880e-07 
493 	 1.237231e-07 
494 	 8.655101e-08 
495 	 5.990707e-08 
496 	 4.102773e-08 
497 	 2.780254e-08 
498 	 1.864322e-08 
499 	 1.237148e-08 
500 	 8.125363e-09 
