1 	 0.000000e+00 
2 	 8.907378e-04 
3 	 8.563925e-04 
4 	 8.856144e-04 
5 	 8.815311e-04 
6 	 8.758528e-04 
7 	 8.704453e-04 
8 	 8.649007e-04 
9 	 8.607243e-04 
10 	 8.599700e-04 
11 	 8.625645e-04 
12 	 8.658255e-04 
13 	 8.668026e-04 
14 	 8.646630e-04 
15 	 8.604819e-04 
16 	 8.555010e-04 
17 	 8.502842e-04 
18 	 8.449452e-04 
19 	 8.395106e-04 
20 	 8.340406e-04 
21 	 8.286019e-04 
22 	 8.232372e-04 
23 	 8.179666e-04 
24 	 8.127938e-04 
25 	 8.076993e-04 
26 	 8.026374e-04 
27 	 7.975508e-04 
28 	 7.923979e-04 
29 	 7.871838e-04 
30 	 7.819707e-04 
31 	 7.768528e-04 
32 	 7.719040e-04 
33 	 7.671345e-04 
34 	 7.624858e-04 
35 	 7.578605e-04 
36 	 7.531660e-04 
37 	 7.483466e-04 
38 	 7.433944e-04 
39 	 7.383322e-04 
40 	 7.331697e-04 
41 	 7.278248e-04 
42 	 7.220030e-04 
43 	 7.150310e-04 
44 	 7.057035e-04 
45 	 6.923553e-04 
46 	 6.736277e-04 
47 	 6.504252e-04 
48 	 6.285019e-04 
49 	 6.187672e-04 
50 	 6.316838e-04 
51 	 6.674564e-04 
52 	 7.116542e-04 
53 	 7.437516e-04 
54 	 7.517781e-04 
55 	 7.385591e-04 
56 	 7.154752e-04 
57 	 6.928214e-04 
58 	 6.753891e-04 
59 	 6.635086e-04 
60 	 6.556656e-04 
61 	 6.502340e-04 
62 	 6.460773e-04 
63 	 6.425558e-04 
64 	 6.393625e-04 
65 	 6.363665e-04 
66 	 6.335108e-04 
67 	 6.307635e-04 
68 	 6.281122e-04 
69 	 6.255842e-04 
70 	 6.232741e-04 
71 	 6.213719e-04 
72 	 6.201823e-04 
73 	 6.201166e-04 
74 	 6.216188e-04 
75 	 6.249919e-04 
76 	 6.301493e-04 
77 	 6.364065e-04 
78 	 6.424775e-04 
79 	 6.467862e-04 
80 	 6.480173e-04 
81 	 6.456531e-04 
82 	 6.401988e-04 
83 	 6.329665e-04 
84 	 6.255458e-04 
85 	 6.192563e-04 
86 	 6.148357e-04 
87 	 6.124356e-04 
88 	 6.118238e-04 
89 	 6.126267e-04 
90 	 6.144995e-04 
91 	 6.171935e-04 
92 	 6.205483e-04 
93 	 6.244516e-04 
94 	 6.287930e-04 
95 	 6.334189e-04 
96 	 6.380878e-04 
97 	 6.424223e-04 
98 	 6.458612e-04 
99 	 6.476260e-04 
100 	 6.467205e-04 
101 	 6.419866e-04 
102 	 6.322293e-04 
103 	 6.164065e-04 
104 	 5.938546e-04 
105 	 5.644957e-04 
106 	 5.289663e-04 
107 	 4.886122e-04 
108 	 4.453350e-04 
109 	 4.013151e-04 
110 	 3.586797e-04 
111 	 3.191992e-04 
112 	 2.840844e-04 
113 	 2.539186e-04 
114 	 2.287181e-04 
115 	 2.080781e-04 
116 	 1.913512e-04 
117 	 1.778097e-04 
118 	 1.667639e-04 
119 	 1.576280e-04 
120 	 1.499429e-04 
121 	 1.433691e-04 
122 	 1.376657e-04 
123 	 1.326649e-04 
124 	 1.282508e-04 
125 	 1.243420e-04 
126 	 1.208800e-04 
127 	 1.178215e-04 
128 	 1.151335e-04 
129 	 1.127893e-04 
130 	 1.107661e-04 
131 	 1.090434e-04 
132 	 1.076018e-04 
133 	 1.064248e-04 
134 	 1.055019e-04 
135 	 1.048349e-04 
136 	 1.044491e-04 
137 	 1.044100e-04 
138 	 1.048486e-04 
139 	 1.060024e-04 
140 	 1.082790e-04 
141 	 1.123585e-04 
142 	 1.193482e-04 
143 	 1.310106e-04 
144 	 1.500716e-04 
145 	 1.806007e-04 
146 	 2.284145e-04 
147 	 3.014048e-04 
148 	 4.096324e-04 
149 	 5.649849e-04 
150 	 7.801938e-04 
151 	 1.067080e-03 
152 	 1.434057e-03 
153 	 1.883162e-03 
154 	 2.407143e-03 
155 	 2.987355e-03 
156 	 3.593230e-03 
157 	 4.183943e-03 
158 	 4.712430e-03 
159 	 5.131355e-03 
160 	 5.400033e-03 
161 	 5.490917e-03 
162 	 5.394228e-03 
163 	 5.119652e-03 
164 	 4.694699e-03 
165 	 4.160118e-03 
166 	 3.563432e-03 
167 	 2.952004e-03 
168 	 2.367028e-03 
169 	 1.839447e-03 
170 	 1.388222e-03 
171 	 1.020788e-03 
172 	 7.351241e-04 
173 	 5.226550e-04 
174 	 3.712442e-04 
175 	 2.677451e-04 
176 	 1.998216e-04 
177 	 1.569967e-04 
178 	 1.310447e-04 
179 	 1.159247e-04 
180 	 1.074565e-04 
181 	 1.029008e-04 
182 	 1.005516e-04 
183 	 9.939680e-05 
184 	 9.886352e-05 
185 	 9.864169e-05 
186 	 9.857090e-05 
187 	 9.857180e-05 
188 	 9.860686e-05 
189 	 9.865912e-05 
190 	 9.872114e-05 
191 	 9.878965e-05 
192 	 9.886302e-05 
193 	 9.894019e-05 
194 	 9.902028e-05 
195 	 9.910250e-05 
196 	 9.918624e-05 
197 	 9.927110e-05 
198 	 9.935694e-05 
199 	 9.944390e-05 
200 	 9.953231e-05 
201 	 9.962265e-05 
202 	 9.971539e-05 
203 	 9.981093e-05 
204 	 9.990958e-05 
205 	 1.000115e-04 
206 	 1.001166e-04 
207 	 1.002252e-04 
208 	 1.003371e-04 
209 	 1.004525e-04 
210 	 1.005719e-04 
211 	 1.006957e-04 
212 	 1.008245e-04 
213 	 1.009590e-04 
214 	 1.010999e-04 
215 	 1.012480e-04 
216 	 1.014040e-04 
217 	 1.015689e-04 
218 	 1.017438e-04 
219 	 1.019300e-04 
220 	 1.021296e-04 
221 	 1.023453e-04 
222 	 1.025803e-04 
223 	 1.028390e-04 
224 	 1.031261e-04 
225 	 1.034472e-04 
226 	 1.038077e-04 
227 	 1.042128e-04 
228 	 1.046663e-04 
229 	 1.051703e-04 
230 	 1.057242e-04 
231 	 1.063236e-04 
232 	 1.069605e-04 
233 	 1.076226e-04 
234 	 1.082940e-04 
235 	 1.089557e-04 
236 	 1.095873e-04 
237 	 1.101681e-04 
238 	 1.106796e-04 
239 	 1.111066e-04 
240 	 1.114395e-04 
241 	 1.116747e-04 
242 	 1.118150e-04 
243 	 1.118698e-04 
244 	 1.118534e-04 
245 	 1.117840e-04 
246 	 1.116818e-04 
247 	 1.115672e-04 
248 	 1.114590e-04 
249 	 1.113735e-04 
250 	 1.113233e-04 
251 	 1.113173e-04 
252 	 1.113605e-04 
253 	 1.114548e-04 
254 	 1.115992e-04 
255 	 1.117909e-04 
256 	 1.120260e-04 
257 	 1.122998e-04 
258 	 1.126076e-04 
259 	 1.129447e-04 
260 	 1.133070e-04 
261 	 1.136906e-04 
262 	 1.140925e-04 
263 	 1.145098e-04 
264 	 1.149403e-04 
265 	 1.153820e-04 
266 	 1.158336e-04 
267 	 1.162938e-04 
268 	 1.167618e-04 
269 	 1.172373e-04 
270 	 1.177200e-04 
271 	 1.182100e-04 
272 	 1.187075e-04 
273 	 1.192131e-04 
274 	 1.197273e-04 
275 	 1.202505e-04 
276 	 1.207832e-04 
277 	 1.213260e-04 
278 	 1.218791e-04 
279 	 1.224428e-04 
280 	 1.230171e-04 
281 	 1.236021e-04 
282 	 1.241978e-04 
283 	 1.248040e-04 
284 	 1.254207e-04 
285 	 1.260478e-04 
286 	 1.266855e-04 
287 	 1.273337e-04 
288 	 1.279927e-04 
289 	 1.286628e-04 
290 	 1.293442e-04 
291 	 1.300372e-04 
292 	 1.307422e-04 
293 	 1.314593e-04 
294 	 1.321888e-04 
295 	 1.329306e-04 
296 	 1.336845e-04 
297 	 1.344505e-04 
298 	 1.352280e-04 
299 	 1.360166e-04 
300 	 1.368158e-04 
301 	 1.376249e-04 
302 	 1.384433e-04 
303 	 1.392704e-04 
304 	 1.401053e-04 
305 	 1.409471e-04 
306 	 1.417944e-04 
307 	 1.426455e-04 
308 	 1.434975e-04 
309 	 1.443468e-04 
310 	 1.451879e-04 
311 	 1.460134e-04 
312 	 1.468134e-04 
313 	 1.475748e-04 
314 	 1.482813e-04 
315 	 1.489123e-04 
316 	 1.494431e-04 
317 	 1.498446e-04 
318 	 1.500833e-04 
319 	 1.501219e-04 
320 	 1.499198e-04 
321 	 1.494341e-04 
322 	 1.486214e-04 
323 	 1.474393e-04 
324 	 1.458483e-04 
325 	 1.438145e-04 
326 	 1.413114e-04 
327 	 1.383222e-04 
328 	 1.348417e-04 
329 	 1.308774e-04 
330 	 1.264507e-04 
331 	 1.215964e-04 
332 	 1.163626e-04 
333 	 1.108087e-04 
334 	 1.050033e-04 
335 	 9.902176e-05 
336 	 9.294290e-05 
337 	 8.684571e-05 
338 	 8.080630e-05 
339 	 7.489491e-05 
340 	 6.917356e-05 
341 	 6.369423e-05 
342 	 5.849770e-05 
343 	 5.361317e-05 
344 	 4.905848e-05 
345 	 4.484089e-05 
346 	 4.095840e-05 
347 	 3.740125e-05 
348 	 3.415366e-05 
349 	 3.119557e-05 
350 	 2.850429e-05 
351 	 2.605595e-05 
352 	 2.382673e-05 
353 	 2.179380e-05 
354 	 1.993605e-05 
355 	 1.823447e-05 
356 	 1.667242e-05 
357 	 1.523566e-05 
358 	 1.391234e-05 
359 	 1.269282e-05 
360 	 1.156956e-05 
361 	 1.053706e-05 
362 	 9.591758e-06 
363 	 8.732195e-06 
364 	 7.959251e-06 
365 	 7.276629e-06 
366 	 6.691573e-06 
367 	 6.215884e-06 
368 	 5.867262e-06 
369 	 5.670993e-06 
370 	 5.662008e-06 
371 	 5.887275e-06 
372 	 6.408466e-06 
373 	 7.304800e-06 
374 	 8.675862e-06 
375 	 1.064416e-05 
376 	 1.335706e-05 
377 	 1.698774e-05 
378 	 2.173458e-05 
379 	 2.781867e-05 
380 	 3.547875e-05 
381 	 4.496336e-05 
382 	 5.651976e-05 
383 	 7.037983e-05 
384 	 8.674294e-05 
385 	 1.057566e-04 
386 	 1.274960e-04 
387 	 1.519433e-04 
388 	 1.789690e-04 
389 	 2.083170e-04 
390 	 2.395949e-04 
391 	 2.722721e-04 
392 	 3.056866e-04 
393 	 3.390607e-04 
394 	 3.715275e-04 
395 	 4.021652e-04 
396 	 4.300388e-04 
397 	 4.542471e-04 
398 	 4.739701e-04 
399 	 4.885151e-04 
400 	 4.973571e-04 
401 	 5.001697e-04 
402 	 4.968456e-04 
403 	 4.875030e-04 
404 	 4.724785e-04 
405 	 4.523068e-04 
406 	 4.276892e-04 
407 	 3.994529e-04 
408 	 3.685051e-04 
409 	 3.357842e-04 
410 	 3.022141e-04 
411 	 2.686617e-04 
412 	 2.359022e-04 
413 	 2.045940e-04 
414 	 1.752619e-04 
415 	 1.482911e-04 
416 	 1.239295e-04 
417 	 1.022978e-04 
418 	 8.340448e-05 
419 	 6.716502e-05 
420 	 5.342288e-05 
421 	 4.197026e-05 
422 	 3.256760e-05 
423 	 2.496085e-05 
424 	 1.889567e-05 
425 	 1.412844e-05 
426 	 1.043411e-05 
427 	 7.611058e-06 
428 	 5.483571e-06 
429 	 3.902208e-06 
430 	 2.742748e-06 
431 	 1.904100e-06 
432 	 1.305636e-06 
433 	 8.842658e-07 
434 	 5.915236e-07 
435 	 3.908319e-07 
436 	 2.550568e-07 
437 	 1.644046e-07 
438 	 1.046700e-07 
439 	 6.582118e-08 
440 	 4.088383e-08 
441 	 2.508395e-08 
442 	 1.520313e-08 
443 	 9.104113e-09 
444 	 5.388554e-09 
445 	 3.154935e-09 
446 	 1.830458e-09 
447 	 1.056408e-09 
448 	 6.113422e-10 
449 	 3.604856e-10 
450 	 2.229635e-10 
451 	 1.509086e-10 
452 	 1.163648e-10 
453 	 1.032050e-10 
454 	 1.022172e-10 
455 	 1.081646e-10 
456 	 1.180550e-10 
457 	 1.301371e-10 
458 	 1.433300e-10 
459 	 1.569059e-10 
460 	 1.700976e-10 
461 	 1.830142e-10 
462 	 1.948633e-10 
463 	 2.053213e-10 
464 	 2.140899e-10 
465 	 2.209107e-10 
466 	 2.255775e-10 
467 	 2.279467e-10 
468 	 2.279446e-10 
469 	 2.255714e-10 
470 	 2.209009e-10 
471 	 2.140768e-10 
472 	 2.053056e-10 
473 	 1.948457e-10 
474 	 1.829952e-10 
475 	 1.700779e-10 
476 	 1.564282e-10 
477 	 1.423776e-10 
478 	 1.282412e-10 
479 	 1.143070e-10 
480 	 1.008272e-10 
481 	 8.801202e-11 
482 	 7.602667e-11 
483 	 6.499047e-11 
484 	 5.497853e-11 
485 	 4.602529e-11 
486 	 3.812938e-11 
487 	 3.125957e-11 
488 	 2.536100e-11 
489 	 2.036150e-11 
490 	 1.617758e-11 
491 	 1.271972e-11 
492 	 9.896960e-12 
493 	 7.620554e-12 
494 	 5.806732e-12 
495 	 4.378623e-12 
496 	 3.267412e-12 
497 	 2.412853e-12 
498 	 1.763270e-12 
499 	 1.275168e-12 
500 	 9.125921e-13 
