1 	 0.000000e+00 
2 	 2.449070e-03 
3 	 1.403230e-02 
4 	 3.176263e-02 
5 	 2.638794e-02 
6 	 1.094499e-02 
7 	 2.794214e-03 
8 	 9.897682e-04 
9 	 7.492731e-04 
10 	 7.289024e-04 
11 	 8.627849e-04 
12 	 1.261384e-03 
13 	 1.983910e-03 
14 	 2.815554e-03 
15 	 3.287298e-03 
16 	 3.106393e-03 
17 	 2.468989e-03 
18 	 1.823713e-03 
19 	 1.507131e-03 
20 	 1.695459e-03 
21 	 2.489293e-03 
22 	 3.856266e-03 
23 	 5.491309e-03 
24 	 6.836991e-03 
25 	 7.370170e-03 
26 	 6.941314e-03 
27 	 5.835344e-03 
28 	 4.510546e-03 
29 	 3.303039e-03 
30 	 2.340374e-03 
31 	 1.625901e-03 
32 	 1.129406e-03 
33 	 8.144756e-04 
34 	 6.363828e-04 
35 	 5.468519e-04 
36 	 5.055322e-04 
37 	 4.862851e-04 
38 	 4.756665e-04 
39 	 4.681324e-04 
40 	 4.619132e-04 
41 	 4.566130e-04 
42 	 4.520637e-04 
43 	 4.478162e-04 
44 	 4.429364e-04 
45 	 4.360498e-04 
46 	 4.258208e-04 
47 	 4.121416e-04 
48 	 3.977499e-04 
49 	 3.886800e-04 
50 	 3.915660e-04 
51 	 4.089324e-04 
52 	 4.382964e-04 
53 	 4.793451e-04 
54 	 5.433050e-04 
55 	 6.510943e-04 
56 	 8.139758e-04 
57 	 1.008964e-03 
58 	 1.174142e-03 
59 	 1.238537e-03 
60 	 1.168812e-03 
61 	 9.927920e-04 
62 	 7.785026e-04 
63 	 5.897889e-04 
64 	 4.568357e-04 
65 	 3.772934e-04 
66 	 3.345076e-04 
67 	 3.135513e-04 
68 	 3.078641e-04 
69 	 3.195266e-04 
70 	 3.572606e-04 
71 	 4.330766e-04 
72 	 5.566672e-04 
73 	 7.277110e-04 
74 	 9.290443e-04 
75 	 1.125690e-03 
76 	 1.273331e-03 
77 	 1.334463e-03 
78 	 1.294395e-03 
79 	 1.167854e-03 
80 	 9.922066e-04 
81 	 8.118422e-04 
82 	 6.631797e-04 
83 	 5.677773e-04 
84 	 5.345077e-04 
85 	 5.661753e-04 
86 	 6.646302e-04 
87 	 8.308647e-04 
88 	 1.060283e-03 
89 	 1.336264e-03 
90 	 1.626421e-03 
91 	 1.885206e-03 
92 	 2.063764e-03 
93 	 2.124106e-03 
94 	 2.051770e-03 
95 	 1.861096e-03 
96 	 1.590612e-03 
97 	 1.290823e-03 
98 	 1.010128e-03 
99 	 7.847123e-04 
100 	 6.353850e-04 
101 	 5.704832e-04 
102 	 5.914225e-04 
103 	 6.971130e-04 
104 	 8.849364e-04 
105 	 1.148160e-03 
106 	 1.471538e-03 
107 	 1.827822e-03 
108 	 2.177753e-03 
109 	 2.474860e-03 
110 	 2.674394e-03 
111 	 2.743840e-03 
112 	 2.671336e-03 
113 	 2.468887e-03 
114 	 2.169078e-03 
115 	 1.816517e-03 
116 	 1.457050e-03 
117 	 1.128321e-03 
118 	 8.541984e-04 
119 	 6.438345e-04 
120 	 4.943987e-04 
121 	 3.956528e-04 
122 	 3.345382e-04 
123 	 2.985939e-04 
124 	 2.778198e-04 
125 	 2.652004e-04 
126 	 2.563771e-04 
127 	 2.489542e-04 
128 	 2.417853e-04 
129 	 2.344112e-04 
130 	 2.266977e-04 
131 	 2.186450e-04 
132 	 2.103132e-04 
133 	 2.018092e-04 
134 	 1.932922e-04 
135 	 1.849730e-04 
136 	 1.770975e-04 
137 	 1.699140e-04 
138 	 1.636348e-04 
139 	 1.584013e-04 
140 	 1.542613e-04 
141 	 1.511663e-04 
142 	 1.489855e-04 
143 	 1.475332e-04 
144 	 1.466005e-04 
145 	 1.459831e-04 
146 	 1.454983e-04 
147 	 1.449903e-04 
148 	 1.443267e-04 
149 	 1.433914e-04 
150 	 1.420809e-04 
151 	 1.403072e-04 
152 	 1.380084e-04 
153 	 1.351643e-04 
154 	 1.318094e-04 
155 	 1.280387e-04 
156 	 1.240031e-04 
157 	 1.198926e-04 
158 	 1.159116e-04 
159 	 1.122510e-04 
160 	 1.090630e-04 
161 	 1.064444e-04 
162 	 1.044286e-04 
163 	 1.029892e-04 
164 	 1.020510e-04 
165 	 1.015078e-04 
166 	 1.012429e-04 
167 	 1.011516e-04 
168 	 1.011628e-04 
169 	 1.012601e-04 
170 	 1.015027e-04 
171 	 1.020449e-04 
172 	 1.031591e-04 
173 	 1.052592e-04 
174 	 1.089287e-04 
175 	 1.149481e-04 
176 	 1.243182e-04 
177 	 1.382679e-04 
178 	 1.582318e-04 
179 	 1.857805e-04 
180 	 2.224883e-04 
181 	 2.697318e-04 
182 	 3.284249e-04 
183 	 3.987172e-04 
184 	 4.797019e-04 
185 	 5.691946e-04 
186 	 6.636498e-04 
187 	 7.582699e-04 
188 	 8.473332e-04 
189 	 9.247264e-04 
190 	 9.846210e-04 
191 	 1.022191e-03 
192 	 1.034252e-03 
193 	 1.019703e-03 
194 	 9.796900e-04 
195 	 9.174549e-04 
196 	 8.378998e-04 
197 	 7.469500e-04 
198 	 6.508300e-04 
199 	 5.553735e-04 
200 	 4.654721e-04 
201 	 3.847270e-04 
202 	 3.153231e-04 
203 	 2.581026e-04 
204 	 2.127861e-04 
205 	 1.782762e-04 
206 	 1.529808e-04 
207 	 1.351055e-04 
208 	 1.228853e-04 
209 	 1.147429e-04 
210 	 1.093755e-04 
211 	 1.057838e-04 
212 	 1.032565e-04 
213 	 1.013298e-04 
214 	 9.973323e-05 
215 	 9.833443e-05 
216 	 9.708887e-05 
217 	 9.599930e-05 
218 	 9.508660e-05 
219 	 9.437184e-05 
220 	 9.386824e-05 
221 	 9.358073e-05 
222 	 9.351047e-05 
223 	 9.366154e-05 
224 	 9.404769e-05 
225 	 9.469699e-05 
226 	 9.565357e-05 
227 	 9.697560e-05 
228 	 9.872993e-05 
229 	 1.009836e-04 
230 	 1.037934e-04 
231 	 1.071944e-04 
232 	 1.111889e-04 
233 	 1.157372e-04 
234 	 1.207515e-04 
235 	 1.260941e-04 
236 	 1.315813e-04 
237 	 1.369923e-04 
238 	 1.420840e-04 
239 	 1.466091e-04 
240 	 1.503370e-04 
241 	 1.530742e-04 
242 	 1.546818e-04 
243 	 1.550878e-04 
244 	 1.542924e-04 
245 	 1.523663e-04 
246 	 1.494412e-04 
247 	 1.456950e-04 
248 	 1.413334e-04 
249 	 1.365706e-04 
250 	 1.316115e-04 
251 	 1.266370e-04 
252 	 1.217947e-04 
253 	 1.171939e-04 
254 	 1.129053e-04 
255 	 1.089650e-04 
256 	 1.053805e-04 
257 	 1.021376e-04 
258 	 9.920817e-05 
259 	 9.655639e-05 
260 	 9.414429e-05 
261 	 9.193573e-05 
262 	 8.989902e-05 
263 	 8.800852e-05 
264 	 8.624517e-05 
265 	 8.459652e-05 
266 	 8.305608e-05 
267 	 8.162248e-05 
268 	 8.029841e-05 
269 	 7.908943e-05 
270 	 7.800284e-05 
271 	 7.704677e-05 
272 	 7.622938e-05 
273 	 7.555836e-05 
274 	 7.504074e-05 
275 	 7.468279e-05 
276 	 7.449012e-05 
277 	 7.446765e-05 
278 	 7.461943e-05 
279 	 7.494805e-05 
280 	 7.545371e-05 
281 	 7.613286e-05 
282 	 7.697652e-05 
283 	 7.796846e-05 
284 	 7.908357e-05 
285 	 8.028663e-05 
286 	 8.153191e-05 
287 	 8.276380e-05 
288 	 8.391860e-05 
289 	 8.492755e-05 
290 	 8.572092e-05 
291 	 8.623279e-05 
292 	 8.640605e-05 
293 	 8.619715e-05 
294 	 8.557992e-05 
295 	 8.454810e-05 
296 	 8.311615e-05 
297 	 8.131837e-05 
298 	 7.920621e-05 
299 	 7.684435e-05 
300 	 7.430572e-05 
301 	 7.166633e-05 
302 	 6.900012e-05 
303 	 6.637468e-05 
304 	 6.384783e-05 
305 	 6.146556e-05 
306 	 5.926111e-05 
307 	 5.725528e-05 
308 	 5.545755e-05 
309 	 5.386784e-05 
310 	 5.247862e-05 
311 	 5.127700e-05 
312 	 5.024676e-05 
313 	 4.937002e-05 
314 	 4.862863e-05 
315 	 4.800512e-05 
316 	 4.748340e-05 
317 	 4.704916e-05 
318 	 4.669009e-05 
319 	 4.639598e-05 
320 	 4.615876e-05 
321 	 4.597259e-05 
322 	 4.583394e-05 
323 	 4.574189e-05 
324 	 4.569840e-05 
325 	 4.570888e-05 
326 	 4.578276e-05 
327 	 4.593431e-05 
328 	 4.618334e-05 
329 	 4.655604e-05 
330 	 4.708559e-05 
331 	 4.781243e-05 
332 	 4.878418e-05 
333 	 5.005481e-05 
334 	 5.168308e-05 
335 	 5.373005e-05 
336 	 5.625556e-05 
337 	 5.931385e-05 
338 	 6.294837e-05 
339 	 6.718606e-05 
340 	 7.203160e-05 
341 	 7.746209e-05 
342 	 8.342274e-05 
343 	 8.982426e-05 
344 	 9.654234e-05 
345 	 1.034198e-04 
346 	 1.102713e-04 
347 	 1.168915e-04 
348 	 1.230643e-04 
349 	 1.285750e-04 
350 	 1.332228e-04 
351 	 1.368333e-04 
352 	 1.392693e-04 
353 	 1.404399e-04 
354 	 1.403060e-04 
355 	 1.388829e-04 
356 	 1.362382e-04 
357 	 1.324869e-04 
358 	 1.277828e-04 
359 	 1.223085e-04 
360 	 1.162638e-04 
361 	 1.098534e-04 
362 	 1.032765e-04 
363 	 9.671744e-05 
364 	 9.033860e-05 
365 	 8.427577e-05 
366 	 7.863623e-05 
367 	 7.349884e-05 
368 	 6.891610e-05 
369 	 6.491735e-05 
370 	 6.151279e-05 
371 	 5.869758e-05 
372 	 5.645564e-05 
373 	 5.476287e-05 
374 	 5.358947e-05 
375 	 5.290151e-05 
376 	 5.266157e-05 
377 	 5.282886e-05 
378 	 5.335886e-05 
379 	 5.420278e-05 
380 	 5.530724e-05 
381 	 5.661407e-05 
382 	 5.806074e-05 
383 	 5.958127e-05 
384 	 6.110770e-05 
385 	 6.257217e-05 
386 	 6.390922e-05 
387 	 6.505844e-05 
388 	 6.596701e-05 
389 	 6.659198e-05 
390 	 6.690212e-05 
391 	 6.687912e-05 
392 	 6.651803e-05 
393 	 6.582695e-05 
394 	 6.482591e-05 
395 	 6.354517e-05 
396 	 6.202297e-05 
397 	 6.030307e-05 
398 	 5.843214e-05 
399 	 5.645735e-05 
400 	 5.442419e-05 
401 	 5.237482e-05 
402 	 5.034681e-05 
403 	 4.837254e-05 
404 	 4.647898e-05 
405 	 4.468795e-05 
406 	 4.301669e-05 
407 	 4.147864e-05 
408 	 4.008430e-05 
409 	 3.884207e-05 
410 	 3.775908e-05 
411 	 3.684170e-05 
412 	 3.609609e-05 
413 	 3.552829e-05 
414 	 3.514435e-05 
415 	 3.495009e-05 
416 	 3.495077e-05 
417 	 3.515062e-05 
418 	 3.555230e-05 
419 	 3.615621e-05 
420 	 3.695984e-05 
421 	 3.795717e-05 
422 	 3.913808e-05 
423 	 4.048788e-05 
424 	 4.198707e-05 
425 	 4.361123e-05 
426 	 4.533119e-05 
427 	 4.711345e-05 
428 	 4.892085e-05 
429 	 5.071353e-05 
430 	 5.245008e-05 
431 	 5.408885e-05 
432 	 5.558936e-05 
433 	 5.691381e-05 
434 	 5.802840e-05 
435 	 5.890467e-05 
436 	 5.952052e-05 
437 	 5.986100e-05 
438 	 5.991883e-05 
439 	 5.969457e-05 
440 	 5.919643e-05 
441 	 5.843983e-05 
442 	 5.744667e-05 
443 	 5.624434e-05 
444 	 5.486461e-05 
445 	 5.334243e-05 
446 	 5.171463e-05 
447 	 5.001870e-05 
448 	 4.829162e-05 
449 	 4.656878e-05 
450 	 4.488311e-05 
451 	 4.326430e-05 
452 	 4.173822e-05 
453 	 4.032658e-05 
454 	 3.904662e-05 
455 	 3.791110e-05 
456 	 3.692828e-05 
457 	 3.610210e-05 
458 	 3.543240e-05 
459 	 3.491520e-05 
460 	 3.454305e-05 
461 	 3.430539e-05 
462 	 3.418892e-05 
463 	 3.417802e-05 
464 	 3.425516e-05 
465 	 3.440135e-05 
466 	 3.459657e-05 
467 	 3.482028e-05 
468 	 3.505189e-05 
469 	 3.527130e-05 
470 	 3.545939e-05 
471 	 3.559855e-05 
472 	 3.567313e-05 
473 	 3.566991e-05 
474 	 3.557844e-05 
475 	 3.539131e-05 
476 	 3.510435e-05 
477 	 3.471666e-05 
478 	 3.423051e-05 
479 	 3.365120e-05 
480 	 3.298667e-05 
481 	 3.224715e-05 
482 	 3.144460e-05 
483 	 3.059221e-05 
484 	 2.970375e-05 
485 	 2.879309e-05 
486 	 2.787355e-05 
487 	 2.695750e-05 
488 	 2.605591e-05 
489 	 2.517806e-05 
490 	 2.433135e-05 
491 	 2.352121e-05 
492 	 2.275109e-05 
493 	 2.202264e-05 
494 	 2.133587e-05 
495 	 2.068946e-05 
496 	 2.008107e-05 
497 	 1.950766e-05 
498 	 1.896590e-05 
499 	 1.845246e-05 
500 	 1.796432e-05 
