1 	 0.000000e+00 
2 	 0.000000e+00 
3 	 0.000000e+00 
4 	 0.000000e+00 
5 	 0.000000e+00 
6 	 0.000000e+00 
7 	 1.085312e-03 
8 	 5.477529e-03 
9 	 1.640018e-02 
10 	 2.481842e-02 
11 	 1.922288e-02 
12 	 8.291896e-03 
13 	 2.445452e-03 
14 	 8.332126e-04 
15 	 7.051900e-04 
16 	 8.759887e-04 
17 	 8.904508e-04 
18 	 6.774487e-04 
19 	 4.136969e-04 
20 	 2.714105e-04 
21 	 3.252818e-04 
22 	 6.743481e-04 
23 	 1.480288e-03 
24 	 2.742546e-03 
25 	 4.017094e-03 
26 	 4.566266e-03 
27 	 4.010565e-03 
28 	 2.729852e-03 
29 	 1.461579e-03 
30 	 6.474708e-04 
31 	 2.767500e-04 
32 	 1.520678e-04 
33 	 1.196526e-04 
34 	 1.120830e-04 
35 	 1.096012e-04 
36 	 1.081223e-04 
37 	 1.070243e-04 
38 	 1.061969e-04 
39 	 1.055538e-04 
40 	 1.049803e-04 
41 	 1.043566e-04 
42 	 1.036288e-04 
43 	 1.029125e-04 
44 	 1.025802e-04 
45 	 1.032759e-04 
46 	 1.057808e-04 
47 	 1.106824e-04 
48 	 1.179006e-04 
49 	 1.262730e-04 
50 	 1.335121e-04 
51 	 1.368226e-04 
52 	 1.341797e-04 
53 	 1.256215e-04 
54 	 1.134946e-04 
55 	 1.012292e-04 
56 	 9.154190e-05 
57 	 8.542410e-05 
58 	 8.236083e-05 
59 	 8.115335e-05 
60 	 8.057882e-05 
61 	 7.965235e-05 
62 	 7.767657e-05 
63 	 7.429481e-05 
64 	 6.959292e-05 
65 	 6.414611e-05 
66 	 5.887418e-05 
67 	 5.466534e-05 
68 	 5.190782e-05 
69 	 5.020698e-05 
70 	 4.852307e-05 
71 	 4.571386e-05 
72 	 4.117088e-05 
73 	 3.514932e-05 
74 	 2.861181e-05 
75 	 2.276561e-05 
76 	 1.867253e-05 
77 	 1.720773e-05 
78 	 1.934998e-05 
79 	 2.653011e-05 
80 	 4.068332e-05 
81 	 6.375987e-05 
82 	 9.670901e-05 
83 	 1.383069e-04 
84 	 1.845068e-04 
85 	 2.290069e-04 
86 	 2.652698e-04 
87 	 2.893814e-04 
88 	 3.023865e-04 
89 	 3.106556e-04 
90 	 3.236419e-04 
91 	 3.497266e-04 
92 	 3.919497e-04 
93 	 4.456561e-04 
94 	 4.992939e-04 
95 	 5.381958e-04 
96 	 5.498212e-04 
97 	 5.283037e-04 
98 	 4.765208e-04 
99 	 4.051135e-04 
100 	 3.292714e-04 
101 	 2.649328e-04 
102 	 2.259130e-04 
103 	 2.225692e-04 
104 	 2.615672e-04 
105 	 3.457659e-04 
106 	 4.734674e-04 
107 	 6.370621e-04 
108 	 8.219380e-04 
109 	 1.006881e-03 
110 	 1.166806e-03 
111 	 1.277654e-03 
112 	 1.322120e-03 
113 	 1.294194e-03 
114 	 1.200733e-03 
115 	 1.059361e-03 
116 	 8.934474e-04 
117 	 7.260332e-04 
118 	 5.747865e-04 
119 	 4.494261e-04 
120 	 3.519066e-04 
121 	 2.786256e-04 
122 	 2.234072e-04 
123 	 1.801053e-04 
124 	 1.441664e-04 
125 	 1.130611e-04 
126 	 8.590430e-05 
127 	 6.272435e-05 
128 	 4.377521e-05 
129 	 2.910143e-05 
130 	 1.839071e-05 
131 	 1.103443e-05 
132 	 6.281438e-06 
133 	 3.391152e-06 
134 	 1.735851e-06 
135 	 8.423590e-07 
136 	 3.874973e-07 
137 	 1.689697e-07 
138 	 6.984055e-08 
139 	 2.736217e-08 
140 	 1.016147e-08 
141 	 3.576914e-09 
142 	 1.193457e-09 
143 	 3.774432e-10 
144 	 1.131469e-10 
145 	 3.214992e-11 
146 	 8.658914e-12 
147 	 2.210514e-12 
148 	 5.348939e-13 
149 	 1.226846e-13 
150 	 0.000000e+00 
151 	 0.000000e+00 
152 	 0.000000e+00 
153 	 0.000000e+00 
154 	 0.000000e+00 
155 	 0.000000e+00 
156 	 0.000000e+00 
157 	 0.000000e+00 
158 	 0.000000e+00 
159 	 0.000000e+00 
160 	 0.000000e+00 
161 	 0.000000e+00 
162 	 0.000000e+00 
163 	 0.000000e+00 
164 	 0.000000e+00 
165 	 0.000000e+00 
166 	 0.000000e+00 
167 	 0.000000e+00 
168 	 0.000000e+00 
169 	 0.000000e+00 
170 	 0.000000e+00 
171 	 0.000000e+00 
172 	 0.000000e+00 
173 	 0.000000e+00 
174 	 0.000000e+00 
175 	 0.000000e+00 
176 	 0.000000e+00 
177 	 0.000000e+00 
178 	 0.000000e+00 
179 	 0.000000e+00 
180 	 0.000000e+00 
181 	 0.000000e+00 
182 	 0.000000e+00 
183 	 0.000000e+00 
184 	 0.000000e+00 
185 	 0.000000e+00 
186 	 0.000000e+00 
187 	 0.000000e+00 
188 	 0.000000e+00 
189 	 0.000000e+00 
190 	 0.000000e+00 
191 	 0.000000e+00 
192 	 0.000000e+00 
193 	 0.000000e+00 
194 	 0.000000e+00 
195 	 0.000000e+00 
196 	 0.000000e+00 
197 	 0.000000e+00 
198 	 0.000000e+00 
199 	 0.000000e+00 
200 	 0.000000e+00 
201 	 0.000000e+00 
202 	 0.000000e+00 
203 	 0.000000e+00 
204 	 0.000000e+00 
205 	 0.000000e+00 
206 	 0.000000e+00 
207 	 0.000000e+00 
208 	 0.000000e+00 
209 	 0.000000e+00 
210 	 0.000000e+00 
211 	 0.000000e+00 
212 	 0.000000e+00 
213 	 0.000000e+00 
214 	 0.000000e+00 
215 	 0.000000e+00 
216 	 0.000000e+00 
217 	 0.000000e+00 
218 	 0.000000e+00 
219 	 0.000000e+00 
220 	 0.000000e+00 
221 	 0.000000e+00 
222 	 0.000000e+00 
223 	 0.000000e+00 
224 	 0.000000e+00 
225 	 0.000000e+00 
226 	 0.000000e+00 
227 	 0.000000e+00 
228 	 0.000000e+00 
229 	 0.000000e+00 
230 	 0.000000e+00 
231 	 0.000000e+00 
232 	 0.000000e+00 
233 	 0.000000e+00 
234 	 0.000000e+00 
235 	 0.000000e+00 
236 	 0.000000e+00 
237 	 0.000000e+00 
238 	 0.000000e+00 
239 	 0.000000e+00 
240 	 0.000000e+00 
241 	 0.000000e+00 
242 	 0.000000e+00 
243 	 0.000000e+00 
244 	 0.000000e+00 
245 	 0.000000e+00 
246 	 0.000000e+00 
247 	 0.000000e+00 
248 	 0.000000e+00 
249 	 0.000000e+00 
250 	 0.000000e+00 
251 	 0.000000e+00 
252 	 0.000000e+00 
253 	 0.000000e+00 
254 	 0.000000e+00 
255 	 0.000000e+00 
256 	 0.000000e+00 
257 	 0.000000e+00 
258 	 0.000000e+00 
259 	 0.000000e+00 
260 	 0.000000e+00 
261 	 0.000000e+00 
262 	 0.000000e+00 
263 	 0.000000e+00 
264 	 0.000000e+00 
265 	 0.000000e+00 
266 	 0.000000e+00 
267 	 0.000000e+00 
268 	 0.000000e+00 
269 	 0.000000e+00 
270 	 0.000000e+00 
271 	 0.000000e+00 
272 	 0.000000e+00 
273 	 0.000000e+00 
274 	 0.000000e+00 
275 	 0.000000e+00 
276 	 0.000000e+00 
277 	 0.000000e+00 
278 	 0.000000e+00 
279 	 0.000000e+00 
280 	 0.000000e+00 
281 	 0.000000e+00 
282 	 0.000000e+00 
283 	 0.000000e+00 
284 	 0.000000e+00 
285 	 0.000000e+00 
286 	 0.000000e+00 
287 	 0.000000e+00 
288 	 0.000000e+00 
289 	 0.000000e+00 
290 	 0.000000e+00 
291 	 0.000000e+00 
292 	 0.000000e+00 
293 	 0.000000e+00 
294 	 0.000000e+00 
295 	 0.000000e+00 
296 	 0.000000e+00 
297 	 0.000000e+00 
298 	 0.000000e+00 
299 	 0.000000e+00 
300 	 0.000000e+00 
301 	 0.000000e+00 
302 	 0.000000e+00 
303 	 0.000000e+00 
304 	 0.000000e+00 
305 	 0.000000e+00 
306 	 0.000000e+00 
307 	 0.000000e+00 
308 	 0.000000e+00 
309 	 0.000000e+00 
310 	 0.000000e+00 
311 	 0.000000e+00 
312 	 0.000000e+00 
313 	 0.000000e+00 
314 	 0.000000e+00 
315 	 0.000000e+00 
316 	 0.000000e+00 
317 	 0.000000e+00 
318 	 0.000000e+00 
319 	 0.000000e+00 
320 	 0.000000e+00 
321 	 0.000000e+00 
322 	 0.000000e+00 
323 	 0.000000e+00 
324 	 0.000000e+00 
325 	 0.000000e+00 
326 	 0.000000e+00 
327 	 0.000000e+00 
328 	 0.000000e+00 
329 	 0.000000e+00 
330 	 0.000000e+00 
331 	 0.000000e+00 
332 	 0.000000e+00 
333 	 0.000000e+00 
334 	 0.000000e+00 
335 	 0.000000e+00 
336 	 0.000000e+00 
337 	 0.000000e+00 
338 	 0.000000e+00 
339 	 0.000000e+00 
340 	 0.000000e+00 
341 	 0.000000e+00 
342 	 0.000000e+00 
343 	 0.000000e+00 
344 	 0.000000e+00 
345 	 0.000000e+00 
346 	 0.000000e+00 
347 	 0.000000e+00 
348 	 0.000000e+00 
349 	 0.000000e+00 
350 	 0.000000e+00 
351 	 0.000000e+00 
352 	 0.000000e+00 
353 	 0.000000e+00 
354 	 0.000000e+00 
355 	 0.000000e+00 
356 	 0.000000e+00 
357 	 0.000000e+00 
358 	 0.000000e+00 
359 	 0.000000e+00 
360 	 0.000000e+00 
361 	 0.000000e+00 
362 	 0.000000e+00 
363 	 0.000000e+00 
364 	 0.000000e+00 
365 	 0.000000e+00 
366 	 0.000000e+00 
367 	 0.000000e+00 
368 	 0.000000e+00 
369 	 0.000000e+00 
370 	 0.000000e+00 
371 	 0.000000e+00 
372 	 0.000000e+00 
373 	 0.000000e+00 
374 	 0.000000e+00 
375 	 0.000000e+00 
376 	 0.000000e+00 
377 	 0.000000e+00 
378 	 0.000000e+00 
379 	 0.000000e+00 
380 	 0.000000e+00 
381 	 0.000000e+00 
382 	 0.000000e+00 
383 	 0.000000e+00 
384 	 0.000000e+00 
385 	 0.000000e+00 
386 	 0.000000e+00 
387 	 0.000000e+00 
388 	 0.000000e+00 
389 	 0.000000e+00 
390 	 0.000000e+00 
391 	 0.000000e+00 
392 	 0.000000e+00 
393 	 0.000000e+00 
394 	 0.000000e+00 
395 	 0.000000e+00 
396 	 0.000000e+00 
397 	 0.000000e+00 
398 	 0.000000e+00 
399 	 0.000000e+00 
400 	 0.000000e+00 
401 	 0.000000e+00 
402 	 0.000000e+00 
403 	 0.000000e+00 
404 	 0.000000e+00 
405 	 0.000000e+00 
406 	 0.000000e+00 
407 	 0.000000e+00 
408 	 0.000000e+00 
409 	 0.000000e+00 
410 	 0.000000e+00 
411 	 0.000000e+00 
412 	 0.000000e+00 
413 	 0.000000e+00 
414 	 0.000000e+00 
415 	 0.000000e+00 
416 	 0.000000e+00 
417 	 0.000000e+00 
418 	 0.000000e+00 
419 	 0.000000e+00 
420 	 0.000000e+00 
421 	 0.000000e+00 
422 	 0.000000e+00 
423 	 0.000000e+00 
424 	 0.000000e+00 
425 	 0.000000e+00 
426 	 0.000000e+00 
427 	 0.000000e+00 
428 	 0.000000e+00 
429 	 0.000000e+00 
430 	 0.000000e+00 
431 	 0.000000e+00 
432 	 0.000000e+00 
433 	 0.000000e+00 
434 	 0.000000e+00 
435 	 0.000000e+00 
436 	 0.000000e+00 
437 	 0.000000e+00 
438 	 0.000000e+00 
439 	 0.000000e+00 
440 	 0.000000e+00 
441 	 0.000000e+00 
442 	 0.000000e+00 
443 	 0.000000e+00 
444 	 0.000000e+00 
445 	 0.000000e+00 
446 	 0.000000e+00 
447 	 0.000000e+00 
448 	 0.000000e+00 
449 	 0.000000e+00 
450 	 0.000000e+00 
451 	 0.000000e+00 
452 	 0.000000e+00 
453 	 0.000000e+00 
454 	 0.000000e+00 
455 	 0.000000e+00 
456 	 0.000000e+00 
457 	 0.000000e+00 
458 	 0.000000e+00 
459 	 0.000000e+00 
460 	 0.000000e+00 
461 	 0.000000e+00 
462 	 0.000000e+00 
463 	 0.000000e+00 
464 	 0.000000e+00 
465 	 0.000000e+00 
466 	 0.000000e+00 
467 	 0.000000e+00 
468 	 0.000000e+00 
469 	 0.000000e+00 
470 	 0.000000e+00 
471 	 0.000000e+00 
472 	 0.000000e+00 
473 	 0.000000e+00 
474 	 0.000000e+00 
475 	 0.000000e+00 
476 	 0.000000e+00 
477 	 0.000000e+00 
478 	 0.000000e+00 
479 	 0.000000e+00 
480 	 0.000000e+00 
481 	 0.000000e+00 
482 	 0.000000e+00 
483 	 0.000000e+00 
484 	 0.000000e+00 
485 	 0.000000e+00 
486 	 0.000000e+00 
487 	 0.000000e+00 
488 	 0.000000e+00 
489 	 0.000000e+00 
490 	 0.000000e+00 
491 	 0.000000e+00 
492 	 0.000000e+00 
493 	 0.000000e+00 
494 	 0.000000e+00 
495 	 0.000000e+00 
496 	 0.000000e+00 
497 	 0.000000e+00 
498 	 0.000000e+00 
499 	 0.000000e+00 
500 	 0.000000e+00 
501 	 0.000000e+00 
502 	 0.000000e+00 
503 	 0.000000e+00 
504 	 0.000000e+00 
505 	 0.000000e+00 
506 	 0.000000e+00 
507 	 0.000000e+00 
508 	 0.000000e+00 
509 	 0.000000e+00 
510 	 0.000000e+00 
511 	 0.000000e+00 
512 	 0.000000e+00 
513 	 0.000000e+00 
514 	 0.000000e+00 
515 	 0.000000e+00 
516 	 0.000000e+00 
517 	 0.000000e+00 
518 	 0.000000e+00 
519 	 0.000000e+00 
520 	 0.000000e+00 
521 	 0.000000e+00 
522 	 0.000000e+00 
523 	 0.000000e+00 
524 	 0.000000e+00 
525 	 0.000000e+00 
526 	 0.000000e+00 
527 	 0.000000e+00 
528 	 0.000000e+00 
529 	 0.000000e+00 
530 	 0.000000e+00 
531 	 0.000000e+00 
532 	 0.000000e+00 
533 	 0.000000e+00 
534 	 0.000000e+00 
535 	 0.000000e+00 
536 	 0.000000e+00 
537 	 0.000000e+00 
538 	 0.000000e+00 
539 	 0.000000e+00 
540 	 0.000000e+00 
541 	 0.000000e+00 
542 	 0.000000e+00 
543 	 0.000000e+00 
544 	 0.000000e+00 
545 	 0.000000e+00 
546 	 0.000000e+00 
547 	 0.000000e+00 
548 	 0.000000e+00 
549 	 0.000000e+00 
550 	 0.000000e+00 
551 	 0.000000e+00 
552 	 0.000000e+00 
553 	 0.000000e+00 
554 	 0.000000e+00 
555 	 0.000000e+00 
556 	 0.000000e+00 
557 	 0.000000e+00 
558 	 0.000000e+00 
559 	 0.000000e+00 
560 	 0.000000e+00 
561 	 0.000000e+00 
562 	 0.000000e+00 
563 	 0.000000e+00 
564 	 0.000000e+00 
565 	 0.000000e+00 
566 	 0.000000e+00 
567 	 0.000000e+00 
568 	 0.000000e+00 
569 	 0.000000e+00 
570 	 0.000000e+00 
571 	 0.000000e+00 
572 	 0.000000e+00 
573 	 0.000000e+00 
574 	 0.000000e+00 
575 	 0.000000e+00 
576 	 0.000000e+00 
577 	 0.000000e+00 
578 	 0.000000e+00 
579 	 0.000000e+00 
580 	 0.000000e+00 
581 	 0.000000e+00 
582 	 0.000000e+00 
583 	 0.000000e+00 
584 	 0.000000e+00 
585 	 0.000000e+00 
586 	 0.000000e+00 
587 	 0.000000e+00 
588 	 0.000000e+00 
589 	 0.000000e+00 
590 	 0.000000e+00 
591 	 0.000000e+00 
592 	 0.000000e+00 
593 	 0.000000e+00 
594 	 0.000000e+00 
595 	 0.000000e+00 
596 	 0.000000e+00 
597 	 0.000000e+00 
598 	 0.000000e+00 
599 	 0.000000e+00 
600 	 0.000000e+00 
601 	 0.000000e+00 
602 	 0.000000e+00 
603 	 0.000000e+00 
604 	 0.000000e+00 
605 	 0.000000e+00 
606 	 0.000000e+00 
607 	 0.000000e+00 
608 	 0.000000e+00 
609 	 0.000000e+00 
610 	 0.000000e+00 
611 	 0.000000e+00 
612 	 0.000000e+00 
613 	 0.000000e+00 
614 	 0.000000e+00 
615 	 0.000000e+00 
616 	 0.000000e+00 
617 	 0.000000e+00 
618 	 0.000000e+00 
619 	 0.000000e+00 
620 	 0.000000e+00 
621 	 0.000000e+00 
622 	 0.000000e+00 
623 	 0.000000e+00 
624 	 0.000000e+00 
625 	 0.000000e+00 
626 	 0.000000e+00 
627 	 0.000000e+00 
628 	 0.000000e+00 
629 	 0.000000e+00 
630 	 0.000000e+00 
631 	 0.000000e+00 
632 	 0.000000e+00 
633 	 0.000000e+00 
634 	 0.000000e+00 
635 	 0.000000e+00 
636 	 0.000000e+00 
637 	 0.000000e+00 
638 	 0.000000e+00 
639 	 0.000000e+00 
640 	 0.000000e+00 
641 	 0.000000e+00 
642 	 0.000000e+00 
643 	 0.000000e+00 
644 	 0.000000e+00 
645 	 0.000000e+00 
646 	 0.000000e+00 
647 	 0.000000e+00 
648 	 0.000000e+00 
649 	 0.000000e+00 
650 	 0.000000e+00 
651 	 0.000000e+00 
652 	 0.000000e+00 
653 	 0.000000e+00 
654 	 0.000000e+00 
655 	 0.000000e+00 
656 	 0.000000e+00 
657 	 0.000000e+00 
658 	 0.000000e+00 
659 	 0.000000e+00 
660 	 0.000000e+00 
661 	 0.000000e+00 
662 	 0.000000e+00 
663 	 0.000000e+00 
664 	 0.000000e+00 
665 	 0.000000e+00 
666 	 0.000000e+00 
667 	 0.000000e+00 
668 	 0.000000e+00 
669 	 0.000000e+00 
670 	 0.000000e+00 
671 	 0.000000e+00 
672 	 0.000000e+00 
673 	 0.000000e+00 
674 	 0.000000e+00 
675 	 0.000000e+00 
676 	 0.000000e+00 
677 	 0.000000e+00 
678 	 0.000000e+00 
679 	 0.000000e+00 
680 	 0.000000e+00 
681 	 0.000000e+00 
682 	 0.000000e+00 
683 	 0.000000e+00 
684 	 0.000000e+00 
685 	 0.000000e+00 
686 	 0.000000e+00 
687 	 0.000000e+00 
688 	 0.000000e+00 
689 	 0.000000e+00 
690 	 0.000000e+00 
691 	 0.000000e+00 
692 	 0.000000e+00 
693 	 0.000000e+00 
694 	 0.000000e+00 
695 	 0.000000e+00 
696 	 0.000000e+00 
697 	 0.000000e+00 
698 	 0.000000e+00 
699 	 0.000000e+00 
700 	 0.000000e+00 
701 	 0.000000e+00 
702 	 0.000000e+00 
703 	 0.000000e+00 
704 	 0.000000e+00 
705 	 0.000000e+00 
706 	 0.000000e+00 
707 	 0.000000e+00 
708 	 0.000000e+00 
709 	 0.000000e+00 
710 	 0.000000e+00 
711 	 0.000000e+00 
712 	 0.000000e+00 
713 	 0.000000e+00 
714 	 0.000000e+00 
715 	 0.000000e+00 
716 	 0.000000e+00 
717 	 0.000000e+00 
718 	 0.000000e+00 
719 	 0.000000e+00 
720 	 0.000000e+00 
721 	 0.000000e+00 
722 	 0.000000e+00 
723 	 0.000000e+00 
724 	 0.000000e+00 
725 	 0.000000e+00 
726 	 0.000000e+00 
727 	 0.000000e+00 
728 	 0.000000e+00 
729 	 0.000000e+00 
730 	 0.000000e+00 
731 	 0.000000e+00 
732 	 0.000000e+00 
733 	 0.000000e+00 
734 	 0.000000e+00 
735 	 0.000000e+00 
736 	 0.000000e+00 
737 	 0.000000e+00 
738 	 0.000000e+00 
739 	 0.000000e+00 
740 	 0.000000e+00 
741 	 0.000000e+00 
742 	 0.000000e+00 
743 	 0.000000e+00 
744 	 0.000000e+00 
745 	 0.000000e+00 
746 	 0.000000e+00 
747 	 0.000000e+00 
748 	 0.000000e+00 
749 	 0.000000e+00 
750 	 0.000000e+00 
751 	 0.000000e+00 
752 	 0.000000e+00 
753 	 0.000000e+00 
754 	 0.000000e+00 
755 	 0.000000e+00 
756 	 0.000000e+00 
757 	 0.000000e+00 
758 	 0.000000e+00 
759 	 0.000000e+00 
760 	 0.000000e+00 
761 	 0.000000e+00 
762 	 0.000000e+00 
763 	 0.000000e+00 
764 	 0.000000e+00 
765 	 0.000000e+00 
766 	 0.000000e+00 
767 	 0.000000e+00 
768 	 0.000000e+00 
769 	 0.000000e+00 
770 	 0.000000e+00 
771 	 0.000000e+00 
772 	 0.000000e+00 
773 	 0.000000e+00 
774 	 0.000000e+00 
775 	 0.000000e+00 
776 	 0.000000e+00 
777 	 0.000000e+00 
778 	 0.000000e+00 
779 	 0.000000e+00 
780 	 0.000000e+00 
781 	 0.000000e+00 
782 	 0.000000e+00 
783 	 0.000000e+00 
784 	 0.000000e+00 
785 	 0.000000e+00 
786 	 0.000000e+00 
787 	 0.000000e+00 
788 	 0.000000e+00 
789 	 0.000000e+00 
790 	 0.000000e+00 
791 	 0.000000e+00 
792 	 0.000000e+00 
793 	 0.000000e+00 
794 	 0.000000e+00 
795 	 0.000000e+00 
796 	 0.000000e+00 
797 	 0.000000e+00 
798 	 0.000000e+00 
799 	 0.000000e+00 
800 	 0.000000e+00 
801 	 0.000000e+00 
802 	 0.000000e+00 
803 	 0.000000e+00 
804 	 0.000000e+00 
805 	 0.000000e+00 
806 	 0.000000e+00 
807 	 0.000000e+00 
808 	 0.000000e+00 
809 	 0.000000e+00 
810 	 0.000000e+00 
811 	 0.000000e+00 
812 	 0.000000e+00 
813 	 0.000000e+00 
814 	 0.000000e+00 
815 	 0.000000e+00 
816 	 0.000000e+00 
817 	 0.000000e+00 
818 	 0.000000e+00 
819 	 0.000000e+00 
820 	 0.000000e+00 
821 	 0.000000e+00 
822 	 0.000000e+00 
823 	 0.000000e+00 
824 	 0.000000e+00 
825 	 0.000000e+00 
826 	 0.000000e+00 
827 	 0.000000e+00 
828 	 0.000000e+00 
829 	 0.000000e+00 
830 	 0.000000e+00 
831 	 0.000000e+00 
832 	 0.000000e+00 
833 	 0.000000e+00 
834 	 0.000000e+00 
835 	 0.000000e+00 
836 	 0.000000e+00 
837 	 0.000000e+00 
838 	 0.000000e+00 
839 	 0.000000e+00 
840 	 0.000000e+00 
841 	 0.000000e+00 
842 	 0.000000e+00 
843 	 0.000000e+00 
844 	 0.000000e+00 
845 	 0.000000e+00 
846 	 0.000000e+00 
847 	 0.000000e+00 
848 	 0.000000e+00 
849 	 0.000000e+00 
850 	 0.000000e+00 
851 	 0.000000e+00 
852 	 0.000000e+00 
853 	 0.000000e+00 
854 	 0.000000e+00 
855 	 0.000000e+00 
856 	 0.000000e+00 
857 	 0.000000e+00 
858 	 0.000000e+00 
859 	 0.000000e+00 
860 	 0.000000e+00 
861 	 0.000000e+00 
862 	 0.000000e+00 
863 	 0.000000e+00 
864 	 0.000000e+00 
865 	 0.000000e+00 
866 	 0.000000e+00 
867 	 0.000000e+00 
868 	 0.000000e+00 
869 	 0.000000e+00 
870 	 0.000000e+00 
871 	 0.000000e+00 
872 	 0.000000e+00 
873 	 0.000000e+00 
874 	 0.000000e+00 
875 	 0.000000e+00 
876 	 0.000000e+00 
877 	 0.000000e+00 
878 	 0.000000e+00 
879 	 0.000000e+00 
880 	 0.000000e+00 
881 	 0.000000e+00 
882 	 0.000000e+00 
883 	 0.000000e+00 
884 	 0.000000e+00 
885 	 0.000000e+00 
886 	 0.000000e+00 
887 	 0.000000e+00 
888 	 0.000000e+00 
889 	 0.000000e+00 
890 	 0.000000e+00 
891 	 0.000000e+00 
892 	 0.000000e+00 
893 	 0.000000e+00 
894 	 0.000000e+00 
895 	 0.000000e+00 
896 	 0.000000e+00 
897 	 0.000000e+00 
898 	 0.000000e+00 
899 	 0.000000e+00 
900 	 0.000000e+00 
901 	 0.000000e+00 
902 	 0.000000e+00 
903 	 0.000000e+00 
904 	 0.000000e+00 
905 	 0.000000e+00 
906 	 0.000000e+00 
907 	 0.000000e+00 
908 	 0.000000e+00 
909 	 0.000000e+00 
910 	 0.000000e+00 
911 	 0.000000e+00 
912 	 0.000000e+00 
913 	 0.000000e+00 
914 	 0.000000e+00 
915 	 0.000000e+00 
916 	 0.000000e+00 
917 	 0.000000e+00 
918 	 0.000000e+00 
919 	 0.000000e+00 
920 	 0.000000e+00 
921 	 0.000000e+00 
922 	 0.000000e+00 
923 	 0.000000e+00 
924 	 0.000000e+00 
925 	 0.000000e+00 
926 	 0.000000e+00 
927 	 0.000000e+00 
928 	 0.000000e+00 
929 	 0.000000e+00 
930 	 0.000000e+00 
931 	 0.000000e+00 
932 	 0.000000e+00 
933 	 0.000000e+00 
934 	 0.000000e+00 
935 	 0.000000e+00 
936 	 0.000000e+00 
937 	 0.000000e+00 
938 	 0.000000e+00 
939 	 0.000000e+00 
940 	 0.000000e+00 
941 	 0.000000e+00 
942 	 0.000000e+00 
943 	 0.000000e+00 
944 	 0.000000e+00 
945 	 0.000000e+00 
946 	 0.000000e+00 
947 	 0.000000e+00 
948 	 0.000000e+00 
949 	 0.000000e+00 
950 	 0.000000e+00 
951 	 0.000000e+00 
952 	 0.000000e+00 
953 	 0.000000e+00 
954 	 0.000000e+00 
955 	 0.000000e+00 
956 	 0.000000e+00 
957 	 0.000000e+00 
958 	 0.000000e+00 
959 	 0.000000e+00 
960 	 0.000000e+00 
961 	 0.000000e+00 
962 	 0.000000e+00 
963 	 0.000000e+00 
964 	 0.000000e+00 
965 	 0.000000e+00 
966 	 0.000000e+00 
967 	 0.000000e+00 
968 	 0.000000e+00 
969 	 0.000000e+00 
970 	 0.000000e+00 
971 	 0.000000e+00 
972 	 0.000000e+00 
973 	 0.000000e+00 
974 	 0.000000e+00 
975 	 0.000000e+00 
976 	 0.000000e+00 
977 	 0.000000e+00 
978 	 0.000000e+00 
979 	 0.000000e+00 
980 	 0.000000e+00 
981 	 0.000000e+00 
982 	 0.000000e+00 
983 	 0.000000e+00 
984 	 0.000000e+00 
985 	 0.000000e+00 
986 	 0.000000e+00 
987 	 0.000000e+00 
988 	 0.000000e+00 
989 	 0.000000e+00 
990 	 0.000000e+00 
991 	 0.000000e+00 
992 	 0.000000e+00 
993 	 0.000000e+00 
994 	 0.000000e+00 
995 	 0.000000e+00 
996 	 0.000000e+00 
997 	 0.000000e+00 
998 	 0.000000e+00 
999 	 0.000000e+00 
1000 	 0.000000e+00 
1001 	 0.000000e+00 
1002 	 0.000000e+00 
1003 	 0.000000e+00 
1004 	 0.000000e+00 
1005 	 0.000000e+00 
1006 	 0.000000e+00 
1007 	 0.000000e+00 
1008 	 0.000000e+00 
1009 	 0.000000e+00 
1010 	 0.000000e+00 
1011 	 0.000000e+00 
1012 	 0.000000e+00 
1013 	 0.000000e+00 
1014 	 0.000000e+00 
1015 	 0.000000e+00 
1016 	 0.000000e+00 
1017 	 0.000000e+00 
1018 	 0.000000e+00 
1019 	 0.000000e+00 
1020 	 0.000000e+00 
1021 	 0.000000e+00 
1022 	 0.000000e+00 
1023 	 0.000000e+00 
1024 	 0.000000e+00 
