1 	 0.000000e+00 
2 	 0.000000e+00 
3 	 0.000000e+00 
4 	 0.000000e+00 
5 	 0.000000e+00 
6 	 0.000000e+00 
7 	 1.375932e-03 
8 	 6.073891e-03 
9 	 1.622829e-02 
10 	 2.355658e-02 
11 	 1.876999e-02 
12 	 8.752605e-03 
13 	 2.803621e-03 
14 	 9.629197e-04 
15 	 7.306187e-04 
16 	 8.505401e-04 
17 	 8.567922e-04 
18 	 6.702167e-04 
19 	 4.336355e-04 
20 	 3.080769e-04 
21 	 3.887935e-04 
22 	 7.762204e-04 
23 	 1.581220e-03 
24 	 2.743309e-03 
25 	 3.853702e-03 
26 	 4.318824e-03 
27 	 3.847261e-03 
28 	 2.730684e-03 
29 	 1.562242e-03 
30 	 7.474459e-04 
31 	 3.332249e-04 
32 	 1.737285e-04 
33 	 1.256512e-04 
34 	 1.133490e-04 
35 	 1.098542e-04 
36 	 1.082174e-04 
37 	 1.070918e-04 
38 	 1.062395e-04 
39 	 1.055602e-04 
40 	 1.049499e-04 
41 	 1.043182e-04 
42 	 1.036557e-04 
43 	 1.031218e-04 
44 	 1.031123e-04 
45 	 1.042440e-04 
46 	 1.071874e-04 
47 	 1.123190e-04 
48 	 1.192819e-04 
49 	 1.267081e-04 
50 	 1.324137e-04 
51 	 1.341753e-04 
52 	 1.307801e-04 
53 	 1.227176e-04 
54 	 1.120072e-04 
55 	 1.012366e-04 
56 	 9.243734e-05 
57 	 8.646244e-05 
58 	 8.305821e-05 
59 	 8.134238e-05 
60 	 8.028461e-05 
61 	 7.899311e-05 
62 	 7.684200e-05 
63 	 7.354336e-05 
64 	 6.920157e-05 
65 	 6.429913e-05 
66 	 5.954337e-05 
67 	 5.557181e-05 
68 	 5.262799e-05 
69 	 5.039257e-05 
70 	 4.810595e-05 
71 	 4.495210e-05 
72 	 4.049610e-05 
73 	 3.492291e-05 
74 	 2.896275e-05 
75 	 2.360836e-05 
76 	 1.986209e-05 
77 	 1.869894e-05 
78 	 2.124522e-05 
79 	 2.898141e-05 
80 	 4.369836e-05 
81 	 6.701431e-05 
82 	 9.948826e-05 
83 	 1.396723e-04 
84 	 1.836838e-04 
85 	 2.258450e-04 
86 	 2.605142e-04 
87 	 2.845320e-04 
88 	 2.991276e-04 
89 	 3.101002e-04 
90 	 3.257781e-04 
91 	 3.533656e-04 
92 	 3.952157e-04 
93 	 4.467814e-04 
94 	 4.973502e-04 
95 	 5.334394e-04 
96 	 5.435295e-04 
97 	 5.222109e-04 
98 	 4.721325e-04 
99 	 4.032037e-04 
100 	 3.297449e-04 
101 	 2.670418e-04 
102 	 2.286608e-04 
103 	 2.250965e-04 
104 	 2.633793e-04 
105 	 3.467740e-04 
106 	 4.738935e-04 
107 	 6.372843e-04 
108 	 8.223339e-04 
109 	 1.007703e-03 
110 	 1.168111e-03 
111 	 1.279294e-03 
112 	 1.323802e-03 
113 	 1.295593e-03 
114 	 1.201610e-03 
115 	 1.059651e-03 
116 	 8.932763e-04 
117 	 7.256594e-04 
118 	 5.744960e-04 
119 	 4.494265e-04 
120 	 3.522611e-04 
121 	 2.792494e-04 
122 	 2.241176e-04 
123 	 1.806988e-04 
124 	 1.444898e-04 
125 	 1.130518e-04 
126 	 8.559160e-05 
127 	 6.220181e-05 
128 	 4.315986e-05 
129 	 2.849785e-05 
130 	 1.786986e-05 
131 	 1.062886e-05 
132 	 5.992460e-06 
133 	 3.201113e-06 
134 	 1.619847e-06 
135 	 7.763670e-07 
136 	 3.524097e-07 
137 	 1.514950e-07 
138 	 6.167485e-08 
139 	 2.377729e-08 
140 	 8.681231e-09 
141 	 3.001562e-09 
142 	 9.827888e-10 
143 	 3.047335e-10 
144 	 8.948023e-11 
145 	 2.488176e-11 
146 	 6.552122e-12 
147 	 1.633916e-12 
148 	 3.858540e-13 
149 	 0.000000e+00 
150 	 0.000000e+00 
151 	 0.000000e+00 
152 	 0.000000e+00 
153 	 0.000000e+00 
154 	 0.000000e+00 
155 	 0.000000e+00 
156 	 0.000000e+00 
157 	 0.000000e+00 
158 	 0.000000e+00 
159 	 0.000000e+00 
160 	 0.000000e+00 
161 	 0.000000e+00 
162 	 0.000000e+00 
163 	 0.000000e+00 
164 	 0.000000e+00 
165 	 0.000000e+00 
166 	 0.000000e+00 
167 	 0.000000e+00 
168 	 0.000000e+00 
169 	 0.000000e+00 
170 	 0.000000e+00 
171 	 0.000000e+00 
172 	 0.000000e+00 
173 	 0.000000e+00 
174 	 0.000000e+00 
175 	 0.000000e+00 
176 	 0.000000e+00 
177 	 0.000000e+00 
178 	 0.000000e+00 
179 	 0.000000e+00 
180 	 0.000000e+00 
181 	 0.000000e+00 
182 	 0.000000e+00 
183 	 0.000000e+00 
184 	 0.000000e+00 
185 	 0.000000e+00 
186 	 0.000000e+00 
187 	 0.000000e+00 
188 	 0.000000e+00 
189 	 0.000000e+00 
190 	 0.000000e+00 
191 	 0.000000e+00 
192 	 0.000000e+00 
193 	 0.000000e+00 
194 	 0.000000e+00 
195 	 0.000000e+00 
196 	 0.000000e+00 
197 	 0.000000e+00 
198 	 0.000000e+00 
199 	 0.000000e+00 
200 	 0.000000e+00 
201 	 0.000000e+00 
202 	 0.000000e+00 
203 	 0.000000e+00 
204 	 0.000000e+00 
205 	 0.000000e+00 
206 	 0.000000e+00 
207 	 0.000000e+00 
208 	 0.000000e+00 
209 	 0.000000e+00 
210 	 0.000000e+00 
211 	 0.000000e+00 
212 	 0.000000e+00 
213 	 0.000000e+00 
214 	 0.000000e+00 
215 	 0.000000e+00 
216 	 0.000000e+00 
217 	 0.000000e+00 
218 	 0.000000e+00 
219 	 0.000000e+00 
220 	 0.000000e+00 
221 	 0.000000e+00 
222 	 0.000000e+00 
223 	 0.000000e+00 
224 	 0.000000e+00 
225 	 0.000000e+00 
226 	 0.000000e+00 
227 	 0.000000e+00 
228 	 0.000000e+00 
229 	 0.000000e+00 
230 	 0.000000e+00 
231 	 0.000000e+00 
232 	 0.000000e+00 
233 	 0.000000e+00 
234 	 0.000000e+00 
235 	 0.000000e+00 
236 	 0.000000e+00 
237 	 0.000000e+00 
238 	 0.000000e+00 
239 	 0.000000e+00 
240 	 0.000000e+00 
241 	 0.000000e+00 
242 	 0.000000e+00 
243 	 0.000000e+00 
244 	 0.000000e+00 
245 	 0.000000e+00 
246 	 0.000000e+00 
247 	 0.000000e+00 
248 	 0.000000e+00 
249 	 0.000000e+00 
250 	 0.000000e+00 
251 	 0.000000e+00 
252 	 0.000000e+00 
253 	 0.000000e+00 
254 	 0.000000e+00 
255 	 0.000000e+00 
256 	 0.000000e+00 
257 	 0.000000e+00 
258 	 0.000000e+00 
259 	 0.000000e+00 
260 	 0.000000e+00 
261 	 0.000000e+00 
262 	 0.000000e+00 
263 	 0.000000e+00 
264 	 0.000000e+00 
265 	 0.000000e+00 
266 	 0.000000e+00 
267 	 0.000000e+00 
268 	 0.000000e+00 
269 	 0.000000e+00 
270 	 0.000000e+00 
271 	 0.000000e+00 
272 	 0.000000e+00 
273 	 0.000000e+00 
274 	 0.000000e+00 
275 	 0.000000e+00 
276 	 0.000000e+00 
277 	 0.000000e+00 
278 	 0.000000e+00 
279 	 0.000000e+00 
280 	 0.000000e+00 
281 	 0.000000e+00 
282 	 0.000000e+00 
283 	 0.000000e+00 
284 	 0.000000e+00 
285 	 0.000000e+00 
286 	 0.000000e+00 
287 	 0.000000e+00 
288 	 0.000000e+00 
289 	 0.000000e+00 
290 	 0.000000e+00 
291 	 0.000000e+00 
292 	 0.000000e+00 
293 	 0.000000e+00 
294 	 0.000000e+00 
295 	 0.000000e+00 
296 	 0.000000e+00 
297 	 0.000000e+00 
298 	 0.000000e+00 
299 	 0.000000e+00 
300 	 0.000000e+00 
301 	 0.000000e+00 
302 	 0.000000e+00 
303 	 0.000000e+00 
304 	 0.000000e+00 
305 	 0.000000e+00 
306 	 0.000000e+00 
307 	 0.000000e+00 
308 	 0.000000e+00 
309 	 0.000000e+00 
310 	 0.000000e+00 
311 	 0.000000e+00 
312 	 0.000000e+00 
313 	 0.000000e+00 
314 	 0.000000e+00 
315 	 0.000000e+00 
316 	 0.000000e+00 
317 	 0.000000e+00 
318 	 0.000000e+00 
319 	 0.000000e+00 
320 	 0.000000e+00 
321 	 0.000000e+00 
322 	 0.000000e+00 
323 	 0.000000e+00 
324 	 0.000000e+00 
325 	 0.000000e+00 
326 	 0.000000e+00 
327 	 0.000000e+00 
328 	 0.000000e+00 
329 	 0.000000e+00 
330 	 0.000000e+00 
331 	 0.000000e+00 
332 	 0.000000e+00 
333 	 0.000000e+00 
334 	 0.000000e+00 
335 	 0.000000e+00 
336 	 0.000000e+00 
337 	 0.000000e+00 
338 	 0.000000e+00 
339 	 0.000000e+00 
340 	 0.000000e+00 
341 	 0.000000e+00 
342 	 0.000000e+00 
343 	 0.000000e+00 
344 	 0.000000e+00 
345 	 0.000000e+00 
346 	 0.000000e+00 
347 	 0.000000e+00 
348 	 0.000000e+00 
349 	 0.000000e+00 
350 	 0.000000e+00 
351 	 0.000000e+00 
352 	 0.000000e+00 
353 	 0.000000e+00 
354 	 0.000000e+00 
355 	 0.000000e+00 
356 	 0.000000e+00 
357 	 0.000000e+00 
358 	 0.000000e+00 
359 	 0.000000e+00 
360 	 0.000000e+00 
361 	 0.000000e+00 
362 	 0.000000e+00 
363 	 0.000000e+00 
364 	 0.000000e+00 
365 	 0.000000e+00 
366 	 0.000000e+00 
367 	 0.000000e+00 
368 	 0.000000e+00 
369 	 0.000000e+00 
370 	 0.000000e+00 
371 	 0.000000e+00 
372 	 0.000000e+00 
373 	 0.000000e+00 
374 	 0.000000e+00 
375 	 0.000000e+00 
376 	 0.000000e+00 
377 	 0.000000e+00 
378 	 0.000000e+00 
379 	 0.000000e+00 
380 	 0.000000e+00 
381 	 0.000000e+00 
382 	 0.000000e+00 
383 	 0.000000e+00 
384 	 0.000000e+00 
385 	 0.000000e+00 
386 	 0.000000e+00 
387 	 0.000000e+00 
388 	 0.000000e+00 
389 	 0.000000e+00 
390 	 0.000000e+00 
391 	 0.000000e+00 
392 	 0.000000e+00 
393 	 0.000000e+00 
394 	 0.000000e+00 
395 	 0.000000e+00 
396 	 0.000000e+00 
397 	 0.000000e+00 
398 	 0.000000e+00 
399 	 0.000000e+00 
400 	 0.000000e+00 
401 	 0.000000e+00 
402 	 0.000000e+00 
403 	 0.000000e+00 
404 	 0.000000e+00 
405 	 0.000000e+00 
406 	 0.000000e+00 
407 	 0.000000e+00 
408 	 0.000000e+00 
409 	 0.000000e+00 
410 	 0.000000e+00 
411 	 0.000000e+00 
412 	 0.000000e+00 
413 	 0.000000e+00 
414 	 0.000000e+00 
415 	 0.000000e+00 
416 	 0.000000e+00 
417 	 0.000000e+00 
418 	 0.000000e+00 
419 	 0.000000e+00 
420 	 0.000000e+00 
421 	 0.000000e+00 
422 	 0.000000e+00 
423 	 0.000000e+00 
424 	 0.000000e+00 
425 	 0.000000e+00 
426 	 0.000000e+00 
427 	 0.000000e+00 
428 	 0.000000e+00 
429 	 0.000000e+00 
430 	 0.000000e+00 
431 	 0.000000e+00 
432 	 0.000000e+00 
433 	 0.000000e+00 
434 	 0.000000e+00 
435 	 0.000000e+00 
436 	 0.000000e+00 
437 	 0.000000e+00 
438 	 0.000000e+00 
439 	 0.000000e+00 
440 	 0.000000e+00 
441 	 0.000000e+00 
442 	 0.000000e+00 
443 	 0.000000e+00 
444 	 0.000000e+00 
445 	 0.000000e+00 
446 	 0.000000e+00 
447 	 0.000000e+00 
448 	 0.000000e+00 
449 	 0.000000e+00 
450 	 0.000000e+00 
451 	 0.000000e+00 
452 	 0.000000e+00 
453 	 0.000000e+00 
454 	 0.000000e+00 
455 	 0.000000e+00 
456 	 0.000000e+00 
457 	 0.000000e+00 
458 	 0.000000e+00 
459 	 0.000000e+00 
460 	 0.000000e+00 
461 	 0.000000e+00 
462 	 0.000000e+00 
463 	 0.000000e+00 
464 	 0.000000e+00 
465 	 0.000000e+00 
466 	 0.000000e+00 
467 	 0.000000e+00 
468 	 0.000000e+00 
469 	 0.000000e+00 
470 	 0.000000e+00 
471 	 0.000000e+00 
472 	 0.000000e+00 
473 	 0.000000e+00 
474 	 0.000000e+00 
475 	 0.000000e+00 
476 	 0.000000e+00 
477 	 0.000000e+00 
478 	 0.000000e+00 
479 	 0.000000e+00 
480 	 0.000000e+00 
481 	 0.000000e+00 
482 	 0.000000e+00 
483 	 0.000000e+00 
484 	 0.000000e+00 
485 	 0.000000e+00 
486 	 0.000000e+00 
487 	 0.000000e+00 
488 	 0.000000e+00 
489 	 0.000000e+00 
490 	 0.000000e+00 
491 	 0.000000e+00 
492 	 0.000000e+00 
493 	 0.000000e+00 
494 	 0.000000e+00 
495 	 0.000000e+00 
496 	 0.000000e+00 
497 	 0.000000e+00 
498 	 0.000000e+00 
499 	 0.000000e+00 
500 	 0.000000e+00 
