0.000000000000000000e+00
0.000000000000000000e+00
0.000000000000000000e+00
0.000000000000000000e+00
0.000000000000000000e+00
0.000000000000000000e+00
0.000000000000000000e+00
3.243245264999999904e-06
4.871403058500000180e-05
1.720000000000000066e-04
1.720000000000000066e-04
1.720000000000000066e-04
1.720000000000000066e-04
1.720000000000000066e-04
1.720000000000000066e-04
1.720000000000000066e-04
1.720000000000001421e-04
1.720000000000641372e-04
1.720000000152386308e-04
1.720000019777965681e-04
1.720001402501910518e-04
1.720054338990640891e-04
1.721150286270119493e-04
1.733304132718549114e-04
1.804072403767325390e-04
2.010272988677956087e-04
2.267578071302396624e-04
2.284380155110195493e-04
2.037821801446010133e-04
1.817787174782404278e-04
1.736438658612087047e-04
1.721509861521855022e-04
1.720075769447784730e-04
1.720002077482577852e-04
1.720000031121961086e-04
1.720000000254743395e-04
1.720000000001193231e-04
1.720000000000240759e-04
1.720000000001008103e-04
1.720000000004118679e-04
1.720000000016223254e-04
1.720000000061608228e-04
1.720000000225556673e-04
1.720000000796133245e-04
1.720000002709134253e-04
1.720000008887704278e-04
1.720000028110143131e-04
1.720000085713831932e-04
1.720000251972507595e-04
1.720000714117697063e-04
1.720001951195678348e-04
1.720005139800318006e-04
1.720013052871428101e-04
1.720031958049510830e-04
1.720075434299558285e-04
1.720171661084005023e-04
1.720376607731083146e-04
1.720796564602072149e-04
1.721624303451534024e-04
1.723193211780896456e-04
1.726052052271437288e-04
1.731058392733226907e-04
1.739480304479435867e-04
1.753083683961595212e-04
1.774168446185409975e-04
1.805505349100568928e-04
1.850123154358150515e-04
1.910910701098324671e-04
1.990035184234736161e-04
2.088234798860045941e-04
2.204109597888007489e-04
2.333588130741243833e-04
2.469764025802799186e-04
2.603256087706624054e-04
2.723143519314827170e-04
2.818383236116452062e-04
2.879468920406394591e-04
2.899991067042322957e-04
2.877744480066936729e-04
2.815118486517152762e-04
2.718674344773136823e-04
2.598013246494475042e-04
2.527439823485867418e-04
2.479751367577936170e-04
2.432816171302191913e-04
2.386634234658631122e-04
2.341205557647251358e-04
2.296530140268059127e-04
2.252607982521049549e-04
2.209439084406222083e-04
2.167023445923581064e-04
2.125361067073123784e-04
2.084451947854848344e-04
2.044296088268758539e-04
2.004893488314853556e-04
1.966244147993131226e-04
1.928348067303593447e-04
1.891205246246239677e-04
1.854815684821067747e-04
1.819179383028082266e-04
1.784296340867280522e-04
1.750166558338660618e-04
1.716790035442227434e-04
1.684166772177977717e-04
1.652296768545909297e-04
1.621180024546027326e-04
1.590816540178329906e-04
1.561206315442813513e-04
1.532349350339483568e-04
1.504245644868336547e-04
1.476895199029373265e-04
1.450298012822595617e-04
1.424454086248000623e-04
1.399363419305588553e-04
1.375026011995362119e-04
1.351441864317317525e-04
1.328610976271458566e-04
1.306533347857785242e-04
1.285208979076292945e-04
1.264637869926986012e-04
1.244820020409862817e-04
1.225755430524921733e-04
1.207444100272167233e-04
1.189886029651596335e-04
1.173081218663207413e-04
1.157029667307005752e-04
1.141731375582986067e-04
1.127186343491149307e-04
1.113394571031498046e-04
1.100356058204030659e-04
1.088070805008745925e-04
1.076538811445646013e-04
1.065760077514731600e-04
1.055734603215998215e-04
1.046462388549451278e-04
1.037943433515087265e-04
1.030177738112906041e-04
9.997872426970673323e-05
9.961591875070679384e-05
9.925913322878434785e-05
9.890836770393940879e-05
9.856362217617200378e-05
9.822489664548207861e-05
9.789219111186971459e-05
9.756550557533480330e-05
9.724484003587741251e-05
9.693019449349758287e-05
9.662156894819520596e-05
9.631896339997036310e-05
9.602237784882298652e-05
9.573181229475318465e-05
9.544726673776087616e-05
9.516874117784606107e-05
9.489623561500875291e-05
9.462975004924896526e-05
9.436928448056667099e-05
9.411483890896192432e-05
9.386641333443465748e-05
9.362400775698489759e-05
9.338762217661267175e-05
9.315725659331792574e-05
9.293291100710072733e-05
9.271458541796100876e-05
9.250227982589879713e-05
9.229599423091410600e-05
9.209572863300694891e-05
9.190148303217727166e-05
9.171325742842508779e-05
9.153105182175045153e-05
9.135486621215332221e-05
9.118470059963365917e-05
9.102055498419154374e-05
9.086242936582693524e-05
9.071032374453986079e-05
9.056423812033025263e-05
9.042417249319817851e-05
9.029012686314359778e-05
9.016210123016655110e-05
9.004009559426698426e-05
8.992410995544491080e-05
8.981414431370038495e-05
8.971019866903335248e-05
8.961227302144382696e-05
8.952036737093187614e-05
8.943448171749737805e-05
8.935461606114037335e-05
8.928077040186090270e-05
8.921294473965892544e-05
8.915113907453446867e-05
8.909535340648753240e-05
8.904558773551808951e-05
8.900184206162615357e-05
8.896411638481179233e-05
8.893241070507487028e-05
8.890672502241545516e-05
8.888705933683358764e-05
8.887341364832918641e-05
8.886578795690231922e-05
8.886418226255297253e-05
8.886859656528111923e-05
8.887903086508677287e-05
8.889548516196994700e-05
8.891795945593065518e-05
8.894645374696885675e-05
8.898096803508455171e-05
8.902150232027776717e-05
8.906805660254846246e-05
8.912063088189670535e-05
8.917922515832244163e-05
8.924383943182567129e-05
8.931447370240646211e-05
8.939112797006471922e-05
8.947380223480052392e-05
8.956249649661383557e-05
8.965721075550461350e-05
8.975794501147291193e-05
8.986469926451874440e-05
8.997747351464207026e-05
9.009626776184290306e-05
9.022108200612124281e-05
9.035191624747708949e-05
9.048877048591047023e-05
9.063164472142139856e-05
9.078053895400976607e-05
9.093545318367566763e-05
9.109638741041907613e-05
9.126334163423999158e-05
9.143631585513840041e-05
9.161531007311434329e-05
9.180032428816777956e-05
9.199135850029873632e-05
9.218841270950721358e-05
9.239148691579322488e-05
9.260058111915670247e-05
9.281569531959770055e-05
9.303682951711620558e-05
9.326398371171220399e-05
9.349715790338575000e-05
9.373635209213677585e-05
9.398156627796529509e-05
9.423280046087137549e-05
9.449005464085490861e-05
9.475332881791602999e-05
9.502262299205464476e-05
9.529793716327071226e-05
9.557927133156430026e-05
9.586662549693543585e-05
9.615999965938403773e-05
9.645939381891017366e-05
9.676480797551383008e-05
9.707624212919496634e-05
9.739369627995362309e-05
9.771717042778984099e-05
9.804666457270352518e-05
9.838217871469470276e-05
9.872371285376342794e-05
9.907126698990961940e-05
9.942484112313334490e-05
9.978443525343459091e-05
1.001500493808133167e-04
1.005216835052695360e-04
1.008993376268033841e-04
1.012830117454146037e-04
1.016727058611034250e-04
1.020684199738696856e-04
1.024701540837134937e-04
1.028779081906348088e-04
1.032916822946336173e-04
1.037114763957099192e-04
1.041372904938637822e-04
1.045691245890951251e-04
1.050069786814040291e-04
1.054508527707903858e-04
1.059007468572542766e-04
1.063566609407956337e-04
1.068185950214145790e-04
1.072865490991109771e-04
1.077605231738848685e-04
1.082405172457363076e-04
1.087265313146652536e-04
1.092185653806716523e-04
1.097166194437556799e-04
1.102206935039171603e-04
1.107307875611561069e-04
1.112469016154725876e-04
1.117690356668666295e-04
1.122971897153381105e-04
1.128313637608871392e-04
1.133715578035136612e-04
1.139177718432176495e-04
1.144700058799992260e-04
1.150282599138583502e-04
1.155729198523836997e-04
1.160865852881933310e-04
1.163863510352551920e-04
1.164648261590126087e-04
1.163175098230809326e-04
1.159428906124269286e-04
1.153424799958901971e-04
1.145207789000412206e-04
1.134851784431916349e-04
1.122457979202842688e-04
1.108152650609757608e-04
1.092084453379692352e-04
1.074421286278404674e-04
1.055346827878226966e-04
1.035056846967074456e-04
1.013755400271472651e-04
9.916510350307845302e-05
9.689531169777316913e-05
9.458684059431352173e-05
9.225980018797981345e-05
8.993347833069160536e-05
8.762614567677377603e-05
8.535493272549209392e-05
8.313578814285142043e-05
8.098352419776883081e-05
7.891194958483229230e-05
7.693408149406498779e-05
7.506241717573443513e-05
7.330923067458506377e-05
7.168684403567824053e-05
7.020780645989010667e-05
6.888490320051063873e-05
6.773091299660741063e-05
6.675804333629952847e-05
6.597700073338696569e-05
6.539570003593406634e-05
6.501768034357337993e-05
6.484036843119151631e-05
6.485340193710882378e-05
6.503727876499059096e-05
6.536262013212237225e-05
6.579030930750870182e-05
6.627269001882005487e-05
6.675588153571391267e-05
6.718310672540209953e-05
6.749876014886526342e-05
6.765279664151773581e-05
6.760492748441011368e-05
6.732809437294109208e-05
6.681076049665090222e-05
6.605770585486679225e-05
6.508921686111909560e-05
6.393878299365630458e-05
6.264961610971008692e-05
6.127045571590224442e-05
5.985119238728448882e-05
5.843882435018956924e-05
5.707416855513081343e-05
5.578960051674619711e-05
5.460792747355310516e-05
5.354233814345958631e-05
5.259724475271999482e-05
5.176975427371184043e-05
5.105147970329595547e-05
5.043042246467988049e-05
4.989271047969148006e-05
4.942404712335360633e-05
4.813797138700000192e-05
5.006653185800000183e-05
5.334924457999999772e-05
5.655621733199999709e-05
6.136986934600000129e-05
6.809362511699999332e-05
7.477165787500000675e-05
8.338208858399999413e-05
9.421682107800000443e-05
1.043358621180000051e-04
1.174558722299999975e-04
1.289029896499999908e-04
1.431676457399999982e-04
1.544542202500000098e-04
1.681460285700000026e-04
1.774034357799999986e-04
1.885385612999999991e-04
1.939263332800000058e-04
2.007159060000000036e-04
2.028911377200000017e-04
2.002249062599999998e-04
1.986692132699999995e-04
1.923616761700000066e-04
1.817895576899999921e-04
1.726753479899999981e-04
1.571244416986246383e-04
1.442980347886987024e-04
1.321365992850928605e-04
1.206401351877616439e-04
1.098086424967732489e-04
9.964212121208220667e-05
9.014057133372261547e-05
8.130399286167176124e-05
7.313238579590688928e-05
6.562575013648483889e-05
5.878408588336014813e-05
5.260739303654418078e-05
4.709567159605967121e-05
4.224892156187252127e-05
3.806714293399409473e-05
3.455033571243575541e-05
3.169849989718613950e-05
2.951163548825661419e-05
2.798974248564718286e-05
2.713282088932373720e-05
2.694087069933175270e-05
2.741389191565985880e-05
2.855188453827395395e-05
3.035484856721950688e-05
3.282278400248515041e-05
3.595569084402540903e-05
3.975356909191987334e-05
4.421641874610031994e-05
4.934423980661222430e-05
5.513703227343285209e-05
6.159479614653946215e-05
6.871753142600027790e-05
7.650523811175844650e-05
8.495791620380259738e-05
9.407556570220095395e-05
1.038581866068966498e-04
1.073620517100000037e-04
1.166956734599999997e-04
1.276259029400000032e-04
1.364305722599999866e-04
1.424566131000000013e-04
1.496597780199999993e-04
1.521354925800000020e-04
1.555953298700000120e-04
1.554788368300000071e-04
1.532670094400000052e-04
1.476266622599999988e-04
1.430557756000000013e-04
1.354044084000000092e-04
1.264310724299999957e-04
1.164571974720000013e-04
1.048452868980000028e-04
9.496195825799999643e-05
8.398182361200000594e-05
7.326675399200000634e-05
6.305412266799999450e-05
5.353079545700000332e-05
4.483080010799999856e-05
3.703658053499999812e-05
3.018324053200000019e-05
2.426500906300000014e-05
1.924304803799999853e-05
1.505376732500000056e-05
1.161699438499999934e-05
8.843403789899999595e-06
6.640823750099999844e-06
4.960056503999999931e-06
3.583466028199999815e-06
2.582749979800000165e-06
1.836301436999999918e-06
1.287930921289999965e-06
8.982151644599999686e-07
6.059579341299999475e-07
4.079991472000000199e-07
2.731343079199999828e-07
1.769255025699999947e-07
1.144410192609999959e-07
7.363328475899999862e-08
4.588427463000000181e-08
2.880987220800000138e-08
1.755299900799999930e-08
1.081505207200000042e-08
6.504487418199999802e-09
3.997065230600000194e-09
2.437636595199999969e-09
1.558347571770000073e-09
1.023863212510000002e-09
7.336755005199999642e-10
5.628907514000000210e-10
4.627715254000000034e-10
4.132146522399999771e-10
3.816789133600000208e-10
3.588371596000000003e-10
3.490786485800000135e-10
3.387174972999999942e-10
3.296722852200000105e-10
3.181238798699999845e-10
3.130078871400000232e-10
3.049871709299999960e-10
2.972642007600000121e-10
2.900008307999999822e-10
2.834043551800000187e-10
2.775406368299999906e-10
2.699062475899999748e-10
2.683747708999999847e-10
2.650554651600000204e-10
2.625206602199999881e-10
2.606510866400000245e-10
2.617744046399999802e-10
2.582289239400000105e-10
2.572905947999999920e-10
2.562528646100000188e-10
2.549195417899999784e-10
2.531183270200000101e-10
2.507113092300000046e-10
2.476023592999999789e-10
2.460645226500000125e-10
2.390821206899999966e-10
2.337564445199999752e-10
2.278126446200000070e-10
2.234707919699999912e-10
2.145278393000000109e-10
2.075736118000000108e-10
2.025229668000000088e-10
1.938033255600000007e-10
1.891749160499999907e-10
1.814581828800000077e-10
1.762141163099999992e-10
1.733462411099999990e-10
1.680011086399999875e-10
1.667623039499999950e-10
1.632228351000000045e-10
1.636889657999999966e-10
1.634048071499999906e-10
1.623123381400000072e-10
1.650055865700000066e-10
1.651134999700000106e-10
1.688562029700000053e-10
1.713756862599999898e-10
1.724750498800000109e-10
1.770485532400000023e-10
1.800549660899999893e-10
1.830745065900000113e-10
1.842745191399999876e-10
1.889574077999999958e-10
1.918121137499999887e-10
1.946047446000000106e-10
1.973591992499999990e-10
2.001127830999999887e-10
2.029133905499999946e-10
2.058168180499999967e-10
2.088836675999999912e-10
2.121765954000000035e-10
2.157583416500000039e-10
2.196892431000000117e-10
2.240254558500000127e-10
2.288168748000000098e-10
2.341053100499999922e-10
2.399227091999999842e-10
2.462892386499999952e-10
2.532111920999999972e-10
2.606793087000000032e-10
2.686670860999999832e-10
2.798111705199999878e-10
2.860892509499999870e-10
2.952928195500000158e-10
3.047220217999999802e-10
3.172987618800000055e-10
3.238671144899999941e-10
3.332229421500000205e-10
3.455796620200000212e-10
3.509727269399999968e-10
3.590146511400000208e-10
3.698960566599999999e-10
3.730161606500000001e-10
3.823789252499999810e-10
3.836364191999999810e-10
3.912894189800000209e-10
3.906830533200000027e-10
3.966830803400000163e-10
3.944558212600000163e-10
3.990950827499999970e-10
3.994590013499999901e-10
3.956718738000000046e-10
3.991883684000000211e-10
3.988525767199999886e-10
3.948233098799999757e-10
3.985198746199999955e-10
3.987912435699999758e-10
3.957374221499999950e-10
4.007596783600000168e-10
4.026324637000000069e-10
4.051701395400000130e-10
4.083977852400000060e-10
4.123144141199999939e-10
4.129359145500000192e-10
4.220253140499999773e-10
4.277299988000000179e-10
4.338527275199999936e-10
4.402616095899999926e-10
4.468032959700000079e-10
4.533065994700000086e-10
4.595874437500000248e-10
4.654546059699999837e-10
4.707145375699999731e-10
4.751819206800000342e-10
4.786857416799999725e-10
4.856207223799999644e-10
4.822292346999999993e-10
4.820330704199999899e-10
4.804439621999999646e-10
4.774387176000000171e-10
4.774666525999999677e-10
4.672032937600000088e-10
4.601451301399999845e-10
4.519101049999999960e-10
4.467495449400000124e-10
4.323149831399999748e-10
4.213302317700000126e-10
4.135304857400000230e-10
3.975172888500000175e-10
3.886566357599999837e-10
3.723151523999999934e-10
3.628950637199999854e-10
3.466889402900000126e-10
3.371065232899999866e-10
3.213740102899999833e-10
3.119147421399999787e-10
2.968750603699999865e-10
2.877225810599999850e-10
2.760227238399999947e-10
2.622261429000000017e-10
2.537070343200000180e-10
2.429955189299999885e-10
2.304889107500000097e-10
2.226547298900000018e-10
2.129170113399999891e-10
2.016291944700000103e-10
1.944431026499999956e-10
1.856022686100000014e-10
1.770446670400000014e-10
1.687639649600000031e-10
1.607552553899999974e-10
1.530154062700000006e-10
1.442162356199999918e-10
1.384028195100000036e-10
1.314614592100000125e-10
1.247887203400000028e-10
1.183869053999999950e-10
1.122598049279999950e-10
1.064139767669999969e-10
1.008578802630000001e-10
9.560521763199999763e-11
9.150208159199999411e-11
8.606145638099999601e-11
8.188703035199999438e-11
7.816559594299999593e-11
7.497104683199999644e-11
7.239710664699999561e-11
7.121289651300000324e-11
6.959256864800000352e-11
6.967936005799999581e-11
7.099386817400000291e-11
7.445285265599999585e-11
7.822285861899999432e-11
8.458441807099999899e-11
9.403619267400000258e-11
1.041944212220000030e-10
1.190334701279999972e-10
1.345967870399999914e-10
1.558460573599999905e-10
1.774897245399999908e-10
2.058701590599999888e-10
2.338307050500000131e-10
2.695282241500000092e-10
3.033896887400000148e-10
3.458328922600000032e-10
3.843611976799999953e-10
4.320681337199999920e-10
4.777517555400000377e-10
5.189928043100000216e-10
5.697258447600000131e-10
6.147120362499999874e-10
6.576389505900000052e-10
6.909171543400000043e-10
7.331840328600000336e-10
7.643417594699999994e-10
7.898746999800000467e-10
8.091134331899999964e-10
8.138923563099999544e-10
8.267681957399999670e-10
8.247519917200000168e-10
8.154632975400000258e-10
7.991372506799999994e-10
7.761921690199999755e-10
7.472111562000000380e-10
7.129174191000000307e-10
6.741439436000000256e-10
6.317996768999999834e-10
5.868341972999999941e-10
5.402027392399999575e-10
4.928327092799999903e-10
4.455955372800000106e-10
4.027725352899999765e-10
3.541917214500000037e-10
3.117094212599999762e-10
2.718680849799999749e-10
2.349958759199999899e-10
2.030219975500000114e-10
1.706303666700000121e-10
1.435439807299999958e-10
1.206792474500000070e-10
9.869570086800000315e-11
8.080346509199999542e-11
6.610355034999999918e-11
5.261551940999999969e-11
4.227492748100000147e-11
3.304181447400000114e-11
2.606896519500000076e-11
2.000640989199999956e-11
1.549899605800000160e-11
1.167896011320000060e-11
8.883800851599999401e-12
6.572852422200000083e-12
4.909076581999999740e-12
3.566355202600000138e-12
2.615672828199999814e-12
1.881332371199999898e-12
1.330401563040000063e-12
9.496911908200001009e-13
6.644133555399999539e-13
4.605323663499999871e-13
3.138646051399999756e-13
2.159532243499999928e-13
1.455861319640000014e-13
9.724258789099999508e-14
6.435494685000000236e-14
4.220308095699999991e-14
2.724355098000000052e-14
1.775535819899999986e-14
1.133565636649999924e-14
7.169536957699999409e-15
4.492213252400000330e-15
2.788404511199999911e-15
1.714680252199999986e-15
1.044608933250000062e-15
6.305028837499999639e-16
3.770606947200000148e-16
2.249737526129999860e-16
1.307109724469999910e-16
7.614882120999999930e-17
4.394524918999999799e-17
2.512046047699999893e-17
1.422362996860000136e-17
8.031806213699999533e-18
4.407818815300000075e-18
2.425713335399999868e-18
1.322549443500000095e-18
5.207561092500000016e-19
1.178957249999999993e-21
0.000000000000000000e+00
0.000000000000000000e+00
0.000000000000000000e+00
0.000000000000000000e+00
0.000000000000000000e+00
0.000000000000000000e+00
0.000000000000000000e+00
0.000000000000000000e+00
0.000000000000000000e+00
0.000000000000000000e+00
0.000000000000000000e+00
0.000000000000000000e+00
0.000000000000000000e+00
0.000000000000000000e+00
0.000000000000000000e+00
0.000000000000000000e+00
0.000000000000000000e+00
0.000000000000000000e+00
0.000000000000000000e+00
0.000000000000000000e+00
0.000000000000000000e+00
0.000000000000000000e+00
0.000000000000000000e+00
0.000000000000000000e+00
0.000000000000000000e+00
0.000000000000000000e+00
0.000000000000000000e+00
0.000000000000000000e+00
0.000000000000000000e+00
0.000000000000000000e+00
0.000000000000000000e+00
0.000000000000000000e+00
0.000000000000000000e+00
0.000000000000000000e+00
0.000000000000000000e+00
0.000000000000000000e+00
0.000000000000000000e+00
0.000000000000000000e+00
0.000000000000000000e+00
0.000000000000000000e+00
0.000000000000000000e+00
0.000000000000000000e+00
0.000000000000000000e+00
0.000000000000000000e+00
0.000000000000000000e+00
0.000000000000000000e+00
0.000000000000000000e+00
0.000000000000000000e+00
0.000000000000000000e+00
0.000000000000000000e+00
0.000000000000000000e+00
0.000000000000000000e+00
0.000000000000000000e+00
0.000000000000000000e+00
0.000000000000000000e+00
0.000000000000000000e+00
0.000000000000000000e+00
0.000000000000000000e+00
0.000000000000000000e+00
0.000000000000000000e+00
0.000000000000000000e+00
0.000000000000000000e+00
0.000000000000000000e+00
0.000000000000000000e+00
0.000000000000000000e+00
0.000000000000000000e+00
0.000000000000000000e+00
0.000000000000000000e+00
0.000000000000000000e+00
0.000000000000000000e+00
0.000000000000000000e+00
0.000000000000000000e+00
0.000000000000000000e+00
0.000000000000000000e+00
0.000000000000000000e+00
0.000000000000000000e+00
0.000000000000000000e+00
0.000000000000000000e+00
0.000000000000000000e+00
0.000000000000000000e+00
0.000000000000000000e+00
0.000000000000000000e+00
0.000000000000000000e+00
0.000000000000000000e+00
0.000000000000000000e+00
0.000000000000000000e+00
0.000000000000000000e+00
0.000000000000000000e+00
0.000000000000000000e+00
0.000000000000000000e+00
0.000000000000000000e+00
0.000000000000000000e+00
0.000000000000000000e+00
0.000000000000000000e+00
0.000000000000000000e+00
0.000000000000000000e+00
0.000000000000000000e+00
0.000000000000000000e+00
0.000000000000000000e+00
0.000000000000000000e+00
0.000000000000000000e+00
0.000000000000000000e+00
0.000000000000000000e+00
0.000000000000000000e+00
0.000000000000000000e+00
0.000000000000000000e+00
0.000000000000000000e+00
0.000000000000000000e+00
0.000000000000000000e+00
0.000000000000000000e+00
0.000000000000000000e+00
0.000000000000000000e+00
0.000000000000000000e+00
0.000000000000000000e+00
0.000000000000000000e+00
0.000000000000000000e+00
0.000000000000000000e+00
0.000000000000000000e+00
0.000000000000000000e+00
0.000000000000000000e+00
0.000000000000000000e+00
0.000000000000000000e+00
0.000000000000000000e+00
0.000000000000000000e+00
0.000000000000000000e+00
0.000000000000000000e+00
0.000000000000000000e+00
0.000000000000000000e+00
0.000000000000000000e+00
0.000000000000000000e+00
0.000000000000000000e+00
0.000000000000000000e+00
0.000000000000000000e+00
0.000000000000000000e+00
0.000000000000000000e+00
0.000000000000000000e+00
0.000000000000000000e+00
0.000000000000000000e+00
0.000000000000000000e+00
0.000000000000000000e+00
0.000000000000000000e+00
0.000000000000000000e+00
0.000000000000000000e+00
0.000000000000000000e+00
0.000000000000000000e+00
0.000000000000000000e+00
0.000000000000000000e+00
0.000000000000000000e+00
0.000000000000000000e+00
0.000000000000000000e+00
0.000000000000000000e+00
0.000000000000000000e+00
0.000000000000000000e+00
0.000000000000000000e+00
0.000000000000000000e+00
0.000000000000000000e+00
0.000000000000000000e+00
0.000000000000000000e+00
0.000000000000000000e+00
0.000000000000000000e+00
0.000000000000000000e+00
0.000000000000000000e+00
0.000000000000000000e+00
0.000000000000000000e+00
0.000000000000000000e+00
0.000000000000000000e+00
0.000000000000000000e+00
0.000000000000000000e+00
0.000000000000000000e+00
0.000000000000000000e+00
0.000000000000000000e+00
0.000000000000000000e+00
0.000000000000000000e+00
0.000000000000000000e+00
0.000000000000000000e+00
0.000000000000000000e+00
0.000000000000000000e+00
0.000000000000000000e+00
0.000000000000000000e+00
0.000000000000000000e+00
0.000000000000000000e+00
0.000000000000000000e+00
0.000000000000000000e+00
0.000000000000000000e+00
0.000000000000000000e+00
0.000000000000000000e+00
0.000000000000000000e+00
0.000000000000000000e+00
0.000000000000000000e+00
0.000000000000000000e+00
0.000000000000000000e+00
0.000000000000000000e+00
0.000000000000000000e+00
0.000000000000000000e+00
0.000000000000000000e+00
0.000000000000000000e+00
0.000000000000000000e+00
0.000000000000000000e+00
0.000000000000000000e+00
0.000000000000000000e+00
0.000000000000000000e+00
0.000000000000000000e+00
0.000000000000000000e+00
0.000000000000000000e+00
0.000000000000000000e+00
0.000000000000000000e+00
0.000000000000000000e+00
0.000000000000000000e+00
0.000000000000000000e+00
0.000000000000000000e+00
0.000000000000000000e+00
0.000000000000000000e+00
0.000000000000000000e+00
0.000000000000000000e+00
0.000000000000000000e+00
0.000000000000000000e+00
0.000000000000000000e+00
0.000000000000000000e+00
0.000000000000000000e+00
0.000000000000000000e+00
0.000000000000000000e+00
0.000000000000000000e+00
0.000000000000000000e+00
0.000000000000000000e+00
0.000000000000000000e+00
0.000000000000000000e+00
0.000000000000000000e+00
0.000000000000000000e+00
0.000000000000000000e+00
0.000000000000000000e+00
0.000000000000000000e+00
0.000000000000000000e+00
0.000000000000000000e+00
0.000000000000000000e+00
0.000000000000000000e+00
0.000000000000000000e+00
0.000000000000000000e+00
0.000000000000000000e+00
0.000000000000000000e+00
0.000000000000000000e+00
0.000000000000000000e+00
0.000000000000000000e+00
0.000000000000000000e+00
0.000000000000000000e+00
0.000000000000000000e+00
0.000000000000000000e+00
0.000000000000000000e+00
0.000000000000000000e+00
0.000000000000000000e+00
0.000000000000000000e+00
0.000000000000000000e+00
0.000000000000000000e+00
0.000000000000000000e+00
0.000000000000000000e+00
0.000000000000000000e+00
0.000000000000000000e+00
0.000000000000000000e+00
0.000000000000000000e+00
0.000000000000000000e+00
0.000000000000000000e+00
0.000000000000000000e+00
0.000000000000000000e+00
0.000000000000000000e+00
0.000000000000000000e+00
0.000000000000000000e+00
0.000000000000000000e+00
0.000000000000000000e+00
0.000000000000000000e+00
0.000000000000000000e+00
0.000000000000000000e+00
0.000000000000000000e+00
0.000000000000000000e+00
0.000000000000000000e+00
0.000000000000000000e+00
0.000000000000000000e+00
0.000000000000000000e+00
0.000000000000000000e+00
0.000000000000000000e+00
0.000000000000000000e+00
0.000000000000000000e+00
