0.000000000000000000e+00
0.000000000000000000e+00
0.000000000000000000e+00
0.000000000000000000e+00
0.000000000000000000e+00
0.000000000000000000e+00
0.000000000000000000e+00
3.959031390000000280e-06
6.118049251000000756e-05
1.220605312300000056e-04
3.052512132300000446e-04
7.178401031399997672e-04
1.173770268499999773e-03
1.241253249199999716e-03
8.621185124799999938e-04
5.579484965416353420e-04
5.510452539955169003e-04
5.441420114493983502e-04
5.372387689032798001e-04
5.303355263571613585e-04
5.234322838110429168e-04
5.165290412649243667e-04
5.096257987188058166e-04
5.027225561726872665e-04
4.958193136265689333e-04
4.889160710804503832e-04
4.820128285343318331e-04
4.751095859882133372e-04
4.682063434420948413e-04
4.613031008959763996e-04
4.543998583498577953e-04
4.474966158037393536e-04
4.405933732576208578e-04
4.336901307115023077e-04
4.267868881653838660e-04
4.198836456192653159e-04
4.129804030731468742e-04
4.060771605270283241e-04
3.991739179809098283e-04
3.922706754347913866e-04
3.853674328886727823e-04
3.784641903425543406e-04
3.715609477964358447e-04
3.646577052503173488e-04
3.577544627041987987e-04
3.508512201580803571e-04
3.439479776119618070e-04
3.370447350658433653e-04
3.301414925197248152e-04
3.232382499736063193e-04
3.163350074274878234e-04
3.094317648813693276e-04
3.025285223352508317e-04
2.956252797891323358e-04
2.889863689486076416e-04
2.861369103176423243e-04
2.832874582200579396e-04
2.804382045405843810e-04
2.775929417294854709e-04
2.748004958952750504e-04
2.724629830930166692e-04
2.726259165812559620e-04
2.812138610317587426e-04
3.055082983593054315e-04
3.397815122384962943e-04
3.575254831725035022e-04
3.390873758861903523e-04
2.896252253026484515e-04
2.841866192068145318e-04
2.788268092410454068e-04
2.735457954053410767e-04
2.683435776997014871e-04
2.632201561241268549e-04
2.581755306786170717e-04
2.532097013631719206e-04
2.483226681777916727e-04
2.435144311224761112e-04
2.387849901972254529e-04
2.341343454020395622e-04
2.295624967369186290e-04
2.250694442018624092e-04
2.206551877968709028e-04
2.163197275219443268e-04
2.120630633770824913e-04
2.078851953622855861e-04
2.037861234775531776e-04
1.997658477228858619e-04
1.958243680982833682e-04
1.919616846037455337e-04
1.881777972392726294e-04
1.844727060048643845e-04
1.808464109005210427e-04
1.772989119262423873e-04
1.738302090820287435e-04
1.704403023678798944e-04
1.671291917837956504e-04
1.638968773297764180e-04
1.607433590058217636e-04
1.576686368119321750e-04
1.546727107481071914e-04
1.517555808143471652e-04
1.489172470106519337e-04
1.461577093370214429e-04
1.434769677934558552e-04
1.408750223799548726e-04
1.383518730965188745e-04
1.359075199431475356e-04
1.335419629198412084e-04
1.312552020265996217e-04
1.290472372634227213e-04
1.269180686303107242e-04
1.248676961272633863e-04
1.228961197542811413e-04
1.210033395113634743e-04
1.191893553985108053e-04
1.174541674157228769e-04
1.157977755629995535e-04
1.142201798403411468e-04
1.127213802477476434e-04
1.113013767852188941e-04
1.099601694527547362e-04
1.086977582503558204e-04
1.075141431780214825e-04
1.064093242357519123e-04
1.053833014235472317e-04
1.044360747414071696e-04
1.035676441893323225e-04
1.027780097673219043e-04
1.020671714753764028e-04
1.014351293134959807e-04
1.008818832816798248e-04
1.004074333799289109e-04
1.000117796082425749e-04
9.969492196662115566e-05
9.945686045506449055e-05
9.929759507357274219e-05
9.921712582214573439e-05
9.921545270078364334e-05
9.929257570948598114e-05
9.944849484825339832e-05
9.968321011708573224e-05
9.999672151598280672e-05
1.003890290449443236e-04
1.008601327039710690e-04
1.014100324930625549e-04
1.020387284122188084e-04
1.040177228571427721e-04
9.923633071428516377e-05
9.458094857142837454e-05
9.005157642857110334e-05
8.564821428571401426e-05
8.137086214285739190e-05
7.721951999999969126e-05
7.319418785714276905e-05
6.929486571428540554e-05
6.552155357142850874e-05
6.187425142857146880e-05
5.835295928571396722e-05
5.495767714285694592e-05
5.168840499999946298e-05
4.854514285714277879e-05
4.552789071428594469e-05
4.263664857142833046e-05
3.987141642857152177e-05
3.723219428571392618e-05
3.471898214285712935e-05
3.233178000000018937e-05
3.007058785714246589e-05
2.793540571428585964e-05
2.592623357142815479e-05
2.404307142857125209e-05
2.228591928571451794e-05
2.065477714285668520e-05
1.914964500000028479e-05
1.777052285714247068e-05
1.651741071428577720e-05
1.539030857142829683e-05
1.438921642857130350e-05
1.351413428571447874e-05
1.276506214285687046e-05
1.214200000000006603e-05
1.164494785714247640e-05
1.127390571428537381e-05
1.102887357142843809e-05
1.090985142857103735e-05
1.091683928571412196e-05
1.104983714285674155e-05
1.130884499999984480e-05
1.169386285714279982e-05
1.220489071428528981e-05
1.284192857142826347e-05
1.360497642857077211e-05
1.449403428571440137e-05
1.550910214285756392e-05
1.665017999999994296e-05
1.791726785714312415e-05
1.931036571428552522e-05
2.082947357142872505e-05
2.247459142857177833e-05
2.424571928571404812e-05
2.614285714285743514e-05
2.816600499999972356e-05
3.031516285714281413e-05
3.163058365599999579e-05
4.500490020899999941e-05
6.263376748499999960e-05
8.517032876799999260e-05
1.130725668219999990e-04
1.464734103000000219e-04
1.850531790999999861e-04
2.304967998000000021e-04
2.741347843600000608e-04
3.206404435899999844e-04
3.654078356299999761e-04
4.056837721300000183e-04
4.387375474899999749e-04
4.669714415400000361e-04
4.742330537800000501e-04
4.737415461799999528e-04
4.655041637400000681e-04
4.363831444200000332e-04
4.025302994900000300e-04
3.650426033999999882e-04
3.158085570499999818e-04
2.689314035999999688e-04
2.250511414800000082e-04
1.796521116199999797e-04
1.424767348500000194e-04
1.077819844360000066e-04
8.100724694799999121e-05
5.807170693599999383e-05
4.136260959000000046e-05
2.809822242499999926e-05
1.896673403899999782e-05
1.220927137849999876e-05
7.810577492399999774e-06
4.802007080700000938e-06
2.851038912400000313e-06
1.682611306500000084e-06
9.538800317999999298e-07
5.263031348399999079e-07
2.805626835600000676e-07
1.487511313599999926e-07
7.572589344000002089e-08
3.754633592699999944e-08
1.814636805430000067e-08
8.505300244699998694e-09
3.995679813900000438e-09
1.830214267260000231e-09
8.465168210399999033e-10
4.117857986000001084e-10
2.249075119499999954e-10
1.469300517000000300e-10
1.156437067900000019e-10
1.040027197800000031e-10
1.005607647299999845e-10
1.005307069999999889e-10
1.018146329099999972e-10
1.050876129599999957e-10
1.063987997400000028e-10
1.086083100200000063e-10
1.105210555200000141e-10
1.120081446000000044e-10
1.129801039400000042e-10
1.145395744800000097e-10
1.132506543000000028e-10
1.125974455200000184e-10
1.126274594000000033e-10
1.100486472600000159e-10
1.083228645000000029e-10
1.074314594999999904e-10
1.041763895699999871e-10
1.017704584609999892e-10
1.000600636059999927e-10
9.597857055299999482e-11
9.337578503800000025e-11
8.837998909200000632e-11
8.459143607000000807e-11
7.853682826500000002e-11
7.352842361000000442e-11
6.660414142800000010e-11
6.070212131500000375e-11
5.392759429899999568e-11
4.671979009499999657e-11
4.063102519000000360e-11
3.436912156799999797e-11
2.831121741399999826e-11
2.338000588599999834e-11
1.875288300000000331e-11
1.476740993400000086e-11
1.131466548000000156e-11
8.682795903500002489e-12
6.463251612999998846e-12
4.719691275000000389e-12
3.380518876500000331e-12
2.374665173499999704e-12
1.635753765000000045e-12
1.104794384449999985e-12
7.315579884499999843e-13
4.710878011499999709e-13
3.035604854500000648e-13
1.908271582000000441e-13
1.151820118200000019e-13
6.899521325000001087e-14
4.050011242500001466e-14
2.329549686500000134e-14
1.312935749150000055e-14
7.250214700000001450e-15
3.922601022999999461e-15
2.079210596250000205e-15
1.087304427949999914e-15
5.455011942599999274e-16
2.717968698599999385e-16
1.326599367640000048e-16
6.385276975400001187e-17
2.947619174200000686e-17
1.351943605960000064e-17
6.112310311299999938e-18
2.638760798960000414e-18
1.141484336989999896e-18
4.749558162000000015e-19
1.964560151699999633e-19
7.853541329999999851e-20
1.289902847999999714e-20
0.000000000000000000e+00
0.000000000000000000e+00
0.000000000000000000e+00
0.000000000000000000e+00
0.000000000000000000e+00
0.000000000000000000e+00
0.000000000000000000e+00
0.000000000000000000e+00
0.000000000000000000e+00
0.000000000000000000e+00
0.000000000000000000e+00
0.000000000000000000e+00
0.000000000000000000e+00
0.000000000000000000e+00
0.000000000000000000e+00
0.000000000000000000e+00
0.000000000000000000e+00
0.000000000000000000e+00
0.000000000000000000e+00
0.000000000000000000e+00
0.000000000000000000e+00
0.000000000000000000e+00
0.000000000000000000e+00
0.000000000000000000e+00
0.000000000000000000e+00
0.000000000000000000e+00
0.000000000000000000e+00
0.000000000000000000e+00
0.000000000000000000e+00
0.000000000000000000e+00
0.000000000000000000e+00
0.000000000000000000e+00
0.000000000000000000e+00
0.000000000000000000e+00
0.000000000000000000e+00
0.000000000000000000e+00
0.000000000000000000e+00
0.000000000000000000e+00
0.000000000000000000e+00
0.000000000000000000e+00
0.000000000000000000e+00
0.000000000000000000e+00
0.000000000000000000e+00
0.000000000000000000e+00
0.000000000000000000e+00
0.000000000000000000e+00
0.000000000000000000e+00
0.000000000000000000e+00
0.000000000000000000e+00
0.000000000000000000e+00
0.000000000000000000e+00
0.000000000000000000e+00
0.000000000000000000e+00
0.000000000000000000e+00
0.000000000000000000e+00
0.000000000000000000e+00
0.000000000000000000e+00
0.000000000000000000e+00
0.000000000000000000e+00
0.000000000000000000e+00
0.000000000000000000e+00
0.000000000000000000e+00
0.000000000000000000e+00
0.000000000000000000e+00
0.000000000000000000e+00
0.000000000000000000e+00
0.000000000000000000e+00
0.000000000000000000e+00
0.000000000000000000e+00
0.000000000000000000e+00
0.000000000000000000e+00
0.000000000000000000e+00
0.000000000000000000e+00
0.000000000000000000e+00
0.000000000000000000e+00
0.000000000000000000e+00
0.000000000000000000e+00
0.000000000000000000e+00
0.000000000000000000e+00
0.000000000000000000e+00
0.000000000000000000e+00
0.000000000000000000e+00
0.000000000000000000e+00
0.000000000000000000e+00
0.000000000000000000e+00
0.000000000000000000e+00
0.000000000000000000e+00
0.000000000000000000e+00
0.000000000000000000e+00
0.000000000000000000e+00
0.000000000000000000e+00
0.000000000000000000e+00
0.000000000000000000e+00
0.000000000000000000e+00
0.000000000000000000e+00
0.000000000000000000e+00
0.000000000000000000e+00
0.000000000000000000e+00
0.000000000000000000e+00
0.000000000000000000e+00
0.000000000000000000e+00
0.000000000000000000e+00
0.000000000000000000e+00
0.000000000000000000e+00
0.000000000000000000e+00
0.000000000000000000e+00
0.000000000000000000e+00
0.000000000000000000e+00
0.000000000000000000e+00
0.000000000000000000e+00
0.000000000000000000e+00
0.000000000000000000e+00
0.000000000000000000e+00
0.000000000000000000e+00
0.000000000000000000e+00
0.000000000000000000e+00
0.000000000000000000e+00
0.000000000000000000e+00
0.000000000000000000e+00
0.000000000000000000e+00
0.000000000000000000e+00
0.000000000000000000e+00
0.000000000000000000e+00
0.000000000000000000e+00
0.000000000000000000e+00
0.000000000000000000e+00
0.000000000000000000e+00
0.000000000000000000e+00
0.000000000000000000e+00
0.000000000000000000e+00
0.000000000000000000e+00
0.000000000000000000e+00
0.000000000000000000e+00
0.000000000000000000e+00
0.000000000000000000e+00
0.000000000000000000e+00
0.000000000000000000e+00
0.000000000000000000e+00
0.000000000000000000e+00
0.000000000000000000e+00
0.000000000000000000e+00
0.000000000000000000e+00
0.000000000000000000e+00
0.000000000000000000e+00
0.000000000000000000e+00
0.000000000000000000e+00
0.000000000000000000e+00
0.000000000000000000e+00
0.000000000000000000e+00
0.000000000000000000e+00
0.000000000000000000e+00
0.000000000000000000e+00
0.000000000000000000e+00
0.000000000000000000e+00
0.000000000000000000e+00
0.000000000000000000e+00
0.000000000000000000e+00
0.000000000000000000e+00
0.000000000000000000e+00
0.000000000000000000e+00
0.000000000000000000e+00
0.000000000000000000e+00
0.000000000000000000e+00
0.000000000000000000e+00
0.000000000000000000e+00
0.000000000000000000e+00
0.000000000000000000e+00
0.000000000000000000e+00
0.000000000000000000e+00
0.000000000000000000e+00
0.000000000000000000e+00
0.000000000000000000e+00
0.000000000000000000e+00
0.000000000000000000e+00
0.000000000000000000e+00
0.000000000000000000e+00
0.000000000000000000e+00
0.000000000000000000e+00
0.000000000000000000e+00
0.000000000000000000e+00
0.000000000000000000e+00
0.000000000000000000e+00
0.000000000000000000e+00
0.000000000000000000e+00
0.000000000000000000e+00
0.000000000000000000e+00
0.000000000000000000e+00
0.000000000000000000e+00
0.000000000000000000e+00
0.000000000000000000e+00
0.000000000000000000e+00
0.000000000000000000e+00
0.000000000000000000e+00
0.000000000000000000e+00
0.000000000000000000e+00
0.000000000000000000e+00
0.000000000000000000e+00
0.000000000000000000e+00
0.000000000000000000e+00
0.000000000000000000e+00
0.000000000000000000e+00
0.000000000000000000e+00
0.000000000000000000e+00
0.000000000000000000e+00
0.000000000000000000e+00
0.000000000000000000e+00
0.000000000000000000e+00
0.000000000000000000e+00
0.000000000000000000e+00
0.000000000000000000e+00
0.000000000000000000e+00
0.000000000000000000e+00
0.000000000000000000e+00
0.000000000000000000e+00
0.000000000000000000e+00
0.000000000000000000e+00
0.000000000000000000e+00
0.000000000000000000e+00
0.000000000000000000e+00
0.000000000000000000e+00
0.000000000000000000e+00
0.000000000000000000e+00
0.000000000000000000e+00
0.000000000000000000e+00
0.000000000000000000e+00
0.000000000000000000e+00
0.000000000000000000e+00
0.000000000000000000e+00
0.000000000000000000e+00
0.000000000000000000e+00
0.000000000000000000e+00
0.000000000000000000e+00
0.000000000000000000e+00
0.000000000000000000e+00
0.000000000000000000e+00
0.000000000000000000e+00
0.000000000000000000e+00
0.000000000000000000e+00
0.000000000000000000e+00
0.000000000000000000e+00
0.000000000000000000e+00
0.000000000000000000e+00
0.000000000000000000e+00
0.000000000000000000e+00
0.000000000000000000e+00
0.000000000000000000e+00
0.000000000000000000e+00
0.000000000000000000e+00
0.000000000000000000e+00
0.000000000000000000e+00
0.000000000000000000e+00
0.000000000000000000e+00
0.000000000000000000e+00
0.000000000000000000e+00
0.000000000000000000e+00
0.000000000000000000e+00
0.000000000000000000e+00
0.000000000000000000e+00
0.000000000000000000e+00
0.000000000000000000e+00
0.000000000000000000e+00
0.000000000000000000e+00
0.000000000000000000e+00
0.000000000000000000e+00
0.000000000000000000e+00
0.000000000000000000e+00
0.000000000000000000e+00
0.000000000000000000e+00
0.000000000000000000e+00
0.000000000000000000e+00
0.000000000000000000e+00
0.000000000000000000e+00
0.000000000000000000e+00
0.000000000000000000e+00
0.000000000000000000e+00
0.000000000000000000e+00
0.000000000000000000e+00
0.000000000000000000e+00
0.000000000000000000e+00
0.000000000000000000e+00
0.000000000000000000e+00
0.000000000000000000e+00
0.000000000000000000e+00
0.000000000000000000e+00
0.000000000000000000e+00
0.000000000000000000e+00
0.000000000000000000e+00
0.000000000000000000e+00
0.000000000000000000e+00
0.000000000000000000e+00
0.000000000000000000e+00
0.000000000000000000e+00
0.000000000000000000e+00
0.000000000000000000e+00
0.000000000000000000e+00
0.000000000000000000e+00
0.000000000000000000e+00
0.000000000000000000e+00
0.000000000000000000e+00
0.000000000000000000e+00
0.000000000000000000e+00
0.000000000000000000e+00
0.000000000000000000e+00
0.000000000000000000e+00
0.000000000000000000e+00
0.000000000000000000e+00
0.000000000000000000e+00
0.000000000000000000e+00
0.000000000000000000e+00
0.000000000000000000e+00
0.000000000000000000e+00
0.000000000000000000e+00
0.000000000000000000e+00
0.000000000000000000e+00
0.000000000000000000e+00
0.000000000000000000e+00
0.000000000000000000e+00
0.000000000000000000e+00
0.000000000000000000e+00
0.000000000000000000e+00
0.000000000000000000e+00
0.000000000000000000e+00
0.000000000000000000e+00
0.000000000000000000e+00
0.000000000000000000e+00
0.000000000000000000e+00
0.000000000000000000e+00
0.000000000000000000e+00
0.000000000000000000e+00
0.000000000000000000e+00
0.000000000000000000e+00
0.000000000000000000e+00
0.000000000000000000e+00
0.000000000000000000e+00
0.000000000000000000e+00
0.000000000000000000e+00
0.000000000000000000e+00
0.000000000000000000e+00
0.000000000000000000e+00
0.000000000000000000e+00
0.000000000000000000e+00
0.000000000000000000e+00
0.000000000000000000e+00
0.000000000000000000e+00
0.000000000000000000e+00
0.000000000000000000e+00
0.000000000000000000e+00
0.000000000000000000e+00
0.000000000000000000e+00
0.000000000000000000e+00
0.000000000000000000e+00
0.000000000000000000e+00
0.000000000000000000e+00
0.000000000000000000e+00
0.000000000000000000e+00
0.000000000000000000e+00
0.000000000000000000e+00
0.000000000000000000e+00
0.000000000000000000e+00
0.000000000000000000e+00
0.000000000000000000e+00
0.000000000000000000e+00
0.000000000000000000e+00
0.000000000000000000e+00
0.000000000000000000e+00
0.000000000000000000e+00
0.000000000000000000e+00
0.000000000000000000e+00
0.000000000000000000e+00
0.000000000000000000e+00
0.000000000000000000e+00
0.000000000000000000e+00
0.000000000000000000e+00
0.000000000000000000e+00
0.000000000000000000e+00
0.000000000000000000e+00
0.000000000000000000e+00
0.000000000000000000e+00
0.000000000000000000e+00
0.000000000000000000e+00
0.000000000000000000e+00
0.000000000000000000e+00
0.000000000000000000e+00
0.000000000000000000e+00
0.000000000000000000e+00
0.000000000000000000e+00
0.000000000000000000e+00
0.000000000000000000e+00
0.000000000000000000e+00
0.000000000000000000e+00
0.000000000000000000e+00
0.000000000000000000e+00
0.000000000000000000e+00
0.000000000000000000e+00
0.000000000000000000e+00
0.000000000000000000e+00
0.000000000000000000e+00
0.000000000000000000e+00
0.000000000000000000e+00
0.000000000000000000e+00
0.000000000000000000e+00
0.000000000000000000e+00
0.000000000000000000e+00
0.000000000000000000e+00
0.000000000000000000e+00
0.000000000000000000e+00
0.000000000000000000e+00
0.000000000000000000e+00
0.000000000000000000e+00
0.000000000000000000e+00
0.000000000000000000e+00
0.000000000000000000e+00
0.000000000000000000e+00
0.000000000000000000e+00
0.000000000000000000e+00
0.000000000000000000e+00
0.000000000000000000e+00
0.000000000000000000e+00
0.000000000000000000e+00
0.000000000000000000e+00
0.000000000000000000e+00
0.000000000000000000e+00
0.000000000000000000e+00
0.000000000000000000e+00
0.000000000000000000e+00
0.000000000000000000e+00
0.000000000000000000e+00
0.000000000000000000e+00
0.000000000000000000e+00
0.000000000000000000e+00
0.000000000000000000e+00
0.000000000000000000e+00
0.000000000000000000e+00
0.000000000000000000e+00
0.000000000000000000e+00
0.000000000000000000e+00
0.000000000000000000e+00
0.000000000000000000e+00
0.000000000000000000e+00
0.000000000000000000e+00
0.000000000000000000e+00
0.000000000000000000e+00
0.000000000000000000e+00
0.000000000000000000e+00
0.000000000000000000e+00
0.000000000000000000e+00
0.000000000000000000e+00
0.000000000000000000e+00
0.000000000000000000e+00
0.000000000000000000e+00
0.000000000000000000e+00
0.000000000000000000e+00
0.000000000000000000e+00
0.000000000000000000e+00
0.000000000000000000e+00
0.000000000000000000e+00
0.000000000000000000e+00
0.000000000000000000e+00
0.000000000000000000e+00
0.000000000000000000e+00
0.000000000000000000e+00
0.000000000000000000e+00
0.000000000000000000e+00
0.000000000000000000e+00
0.000000000000000000e+00
0.000000000000000000e+00
0.000000000000000000e+00
0.000000000000000000e+00
0.000000000000000000e+00
0.000000000000000000e+00
0.000000000000000000e+00
0.000000000000000000e+00
0.000000000000000000e+00
0.000000000000000000e+00
0.000000000000000000e+00
0.000000000000000000e+00
0.000000000000000000e+00
0.000000000000000000e+00
0.000000000000000000e+00
0.000000000000000000e+00
0.000000000000000000e+00
0.000000000000000000e+00
0.000000000000000000e+00
0.000000000000000000e+00
0.000000000000000000e+00
0.000000000000000000e+00
0.000000000000000000e+00
0.000000000000000000e+00
0.000000000000000000e+00
0.000000000000000000e+00
0.000000000000000000e+00
0.000000000000000000e+00
0.000000000000000000e+00
0.000000000000000000e+00
0.000000000000000000e+00
0.000000000000000000e+00
0.000000000000000000e+00
0.000000000000000000e+00
0.000000000000000000e+00
0.000000000000000000e+00
0.000000000000000000e+00
0.000000000000000000e+00
0.000000000000000000e+00
0.000000000000000000e+00
0.000000000000000000e+00
0.000000000000000000e+00
0.000000000000000000e+00
0.000000000000000000e+00
0.000000000000000000e+00
0.000000000000000000e+00
0.000000000000000000e+00
0.000000000000000000e+00
0.000000000000000000e+00
0.000000000000000000e+00
0.000000000000000000e+00
0.000000000000000000e+00
0.000000000000000000e+00
0.000000000000000000e+00
0.000000000000000000e+00
0.000000000000000000e+00
0.000000000000000000e+00
0.000000000000000000e+00
0.000000000000000000e+00
0.000000000000000000e+00
0.000000000000000000e+00
0.000000000000000000e+00
0.000000000000000000e+00
0.000000000000000000e+00
0.000000000000000000e+00
0.000000000000000000e+00
0.000000000000000000e+00
0.000000000000000000e+00
0.000000000000000000e+00
0.000000000000000000e+00
0.000000000000000000e+00
0.000000000000000000e+00
0.000000000000000000e+00
0.000000000000000000e+00
0.000000000000000000e+00
0.000000000000000000e+00
0.000000000000000000e+00
0.000000000000000000e+00
0.000000000000000000e+00
0.000000000000000000e+00
0.000000000000000000e+00
0.000000000000000000e+00
0.000000000000000000e+00
0.000000000000000000e+00
0.000000000000000000e+00
0.000000000000000000e+00
0.000000000000000000e+00
0.000000000000000000e+00
0.000000000000000000e+00
0.000000000000000000e+00
0.000000000000000000e+00
0.000000000000000000e+00
0.000000000000000000e+00
0.000000000000000000e+00
0.000000000000000000e+00
0.000000000000000000e+00
0.000000000000000000e+00
0.000000000000000000e+00
0.000000000000000000e+00
0.000000000000000000e+00
0.000000000000000000e+00
0.000000000000000000e+00
0.000000000000000000e+00
0.000000000000000000e+00
0.000000000000000000e+00
0.000000000000000000e+00
0.000000000000000000e+00
0.000000000000000000e+00
0.000000000000000000e+00
0.000000000000000000e+00
0.000000000000000000e+00
0.000000000000000000e+00
0.000000000000000000e+00
0.000000000000000000e+00
0.000000000000000000e+00
0.000000000000000000e+00
0.000000000000000000e+00
0.000000000000000000e+00
0.000000000000000000e+00
0.000000000000000000e+00
0.000000000000000000e+00
0.000000000000000000e+00
0.000000000000000000e+00
0.000000000000000000e+00
0.000000000000000000e+00
0.000000000000000000e+00
0.000000000000000000e+00
0.000000000000000000e+00
0.000000000000000000e+00
0.000000000000000000e+00
0.000000000000000000e+00
0.000000000000000000e+00
0.000000000000000000e+00
0.000000000000000000e+00
0.000000000000000000e+00
0.000000000000000000e+00
0.000000000000000000e+00
0.000000000000000000e+00
0.000000000000000000e+00
0.000000000000000000e+00
0.000000000000000000e+00
0.000000000000000000e+00
0.000000000000000000e+00
0.000000000000000000e+00
0.000000000000000000e+00
0.000000000000000000e+00
0.000000000000000000e+00
0.000000000000000000e+00
0.000000000000000000e+00
0.000000000000000000e+00
0.000000000000000000e+00
0.000000000000000000e+00
0.000000000000000000e+00
0.000000000000000000e+00
0.000000000000000000e+00
0.000000000000000000e+00
0.000000000000000000e+00
0.000000000000000000e+00
0.000000000000000000e+00
0.000000000000000000e+00
0.000000000000000000e+00
0.000000000000000000e+00
0.000000000000000000e+00
0.000000000000000000e+00
0.000000000000000000e+00
0.000000000000000000e+00
0.000000000000000000e+00
0.000000000000000000e+00
0.000000000000000000e+00
0.000000000000000000e+00
0.000000000000000000e+00
0.000000000000000000e+00
0.000000000000000000e+00
0.000000000000000000e+00
0.000000000000000000e+00
0.000000000000000000e+00
0.000000000000000000e+00
0.000000000000000000e+00
0.000000000000000000e+00
0.000000000000000000e+00
0.000000000000000000e+00
0.000000000000000000e+00
0.000000000000000000e+00
0.000000000000000000e+00
0.000000000000000000e+00
0.000000000000000000e+00
0.000000000000000000e+00
0.000000000000000000e+00
0.000000000000000000e+00
0.000000000000000000e+00
0.000000000000000000e+00
0.000000000000000000e+00
0.000000000000000000e+00
0.000000000000000000e+00
0.000000000000000000e+00
0.000000000000000000e+00
0.000000000000000000e+00
0.000000000000000000e+00
0.000000000000000000e+00
0.000000000000000000e+00
0.000000000000000000e+00
0.000000000000000000e+00
0.000000000000000000e+00
0.000000000000000000e+00
0.000000000000000000e+00
0.000000000000000000e+00
0.000000000000000000e+00
0.000000000000000000e+00
0.000000000000000000e+00
0.000000000000000000e+00
0.000000000000000000e+00
0.000000000000000000e+00
0.000000000000000000e+00
0.000000000000000000e+00
0.000000000000000000e+00
0.000000000000000000e+00
0.000000000000000000e+00
0.000000000000000000e+00
0.000000000000000000e+00
0.000000000000000000e+00
0.000000000000000000e+00
0.000000000000000000e+00
0.000000000000000000e+00
0.000000000000000000e+00
0.000000000000000000e+00
0.000000000000000000e+00
0.000000000000000000e+00
0.000000000000000000e+00
0.000000000000000000e+00
0.000000000000000000e+00
0.000000000000000000e+00
0.000000000000000000e+00
0.000000000000000000e+00
0.000000000000000000e+00
0.000000000000000000e+00
0.000000000000000000e+00
