1 	 0.000000e+00 
2 	 0.000000e+00 
3 	 0.000000e+00 
4 	 0.000000e+00 
5 	 0.000000e+00 
6 	 0.000000e+00 
7 	 8.514046e-05 
8 	 1.421365e-04 
9 	 4.167618e-04 
10 	 1.019093e-03 
11 	 1.456424e-03 
12 	 1.164076e-03 
13 	 5.561166e-04 
14 	 2.026722e-04 
15 	 9.902089e-05 
16 	 8.109962e-05 
17 	 7.892970e-05 
18 	 7.845274e-05 
19 	 7.812851e-05 
20 	 7.785647e-05 
21 	 7.760139e-05 
22 	 7.733960e-05 
23 	 7.706340e-05 
24 	 7.677869e-05 
25 	 7.649815e-05 
26 	 7.622690e-05 
27 	 7.595556e-05 
28 	 7.567027e-05 
29 	 7.536838e-05 
30 	 7.506271e-05 
31 	 7.477004e-05 
32 	 7.449652e-05 
33 	 7.423420e-05 
34 	 7.396869e-05 
35 	 7.368797e-05 
36 	 7.338630e-05 
37 	 7.306438e-05 
38 	 7.272918e-05 
39 	 7.239418e-05 
40 	 7.207678e-05 
41 	 7.178997e-05 
42 	 7.152940e-05 
43 	 7.126030e-05 
44 	 7.090708e-05 
45 	 7.035299e-05 
46 	 6.947870e-05 
47 	 6.828034e-05 
48 	 6.703886e-05 
49 	 6.635505e-05 
50 	 6.683001e-05 
51 	 6.850461e-05 
52 	 7.061581e-05 
53 	 7.207377e-05 
54 	 7.227033e-05 
55 	 7.141570e-05 
56 	 7.016965e-05 
57 	 6.907881e-05 
58 	 6.833451e-05 
59 	 6.787229e-05 
60 	 6.755805e-05 
61 	 6.729336e-05 
62 	 6.703381e-05 
63 	 6.677112e-05 
64 	 6.651288e-05 
65 	 6.626939e-05 
66 	 6.604740e-05 
67 	 6.584840e-05 
68 	 6.566941e-05 
69 	 6.550444e-05 
70 	 6.534617e-05 
71 	 6.518762e-05 
72 	 6.502394e-05 
73 	 6.485348e-05 
74 	 6.467749e-05 
75 	 6.449850e-05 
76 	 6.431846e-05 
77 	 6.413797e-05 
78 	 6.395685e-05 
79 	 6.377535e-05 
80 	 6.359496e-05 
81 	 6.341822e-05 
82 	 6.324795e-05 
83 	 6.308633e-05 
84 	 6.293439e-05 
85 	 6.279196e-05 
86 	 6.265797e-05 
87 	 6.253085e-05 
88 	 6.240901e-05 
89 	 6.229119e-05 
90 	 6.217687e-05 
91 	 6.206650e-05 
92 	 6.196141e-05 
93 	 6.186338e-05 
94 	 6.177392e-05 
95 	 6.169357e-05 
96 	 6.162164e-05 
97 	 6.155645e-05 
98 	 6.149613e-05 
99 	 6.143939e-05 
100 	 6.138609e-05 
101 	 6.133722e-05 
102 	 6.129456e-05 
103 	 6.126009e-05 
104 	 6.123556e-05 
105 	 6.122224e-05 
106 	 6.122092e-05 
107 	 6.123199e-05 
108 	 6.125560e-05 
109 	 6.129175e-05 
110 	 6.134046e-05 
111 	 6.140185e-05 
112 	 6.147627e-05 
113 	 6.156427e-05 
114 	 6.166653e-05 
115 	 6.178356e-05 
116 	 6.191550e-05 
117 	 6.206186e-05 
118 	 6.222153e-05 
119 	 6.239303e-05 
120 	 6.257486e-05 
121 	 6.276605e-05 
122 	 6.296654e-05 
123 	 6.317744e-05 
124 	 6.340095e-05 
125 	 6.364016e-05 
126 	 6.389861e-05 
127 	 6.417983e-05 
128 	 6.448695e-05 
129 	 6.482237e-05 
130 	 6.518757e-05 
131 	 6.558292e-05 
132 	 6.600752e-05 
133 	 6.645880e-05 
134 	 6.693183e-05 
135 	 6.741830e-05 
136 	 6.790495e-05 
137 	 6.837155e-05 
138 	 6.878863e-05 
139 	 6.911527e-05 
140 	 6.929755e-05 
141 	 6.926844e-05 
142 	 6.894991e-05 
143 	 6.825785e-05 
144 	 6.710989e-05 
145 	 6.543569e-05 
146 	 6.318826e-05 
147 	 6.035440e-05 
148 	 5.696203e-05 
149 	 5.308249e-05 
150 	 4.882658e-05 
151 	 4.433463e-05 
152 	 3.976199e-05 
153 	 3.526254e-05 
154 	 3.097305e-05 
155 	 2.700117e-05 
156 	 2.341860e-05 
157 	 2.025999e-05 
158 	 1.752682e-05 
159 	 1.519468e-05 
160 	 1.322200e-05 
161 	 1.155865e-05 
162 	 1.015302e-05 
163 	 8.957046e-06 
164 	 7.929128e-06 
165 	 7.035301e-06 
166 	 6.249073e-06 
167 	 5.550546e-06 
168 	 4.925190e-06 
169 	 4.362588e-06 
170 	 3.855305e-06 
171 	 3.397966e-06 
172 	 2.986554e-06 
173 	 2.617896e-06 
174 	 2.289317e-06 
175 	 1.998434e-06 
176 	 1.743048e-06 
177 	 1.521154e-06 
178 	 1.331055e-06 
179 	 1.171635e-06 
180 	 1.042857e-06 
181 	 9.466100e-07 
182 	 8.881067e-07 
183 	 8.781006e-07 
184 	 9.363364e-07 
185 	 1.096753e-06 
186 	 1.415066e-06 
187 	 1.979353e-06 
188 	 2.924099e-06 
189 	 4.447606e-06 
190 	 6.831767e-06 
191 	 1.046170e-05 
192 	 1.584092e-05 
193 	 2.359577e-05 
194 	 3.446123e-05 
195 	 4.924020e-05 
196 	 6.872997e-05 
197 	 9.361432e-05 
198 	 1.243267e-04 
199 	 1.608996e-04 
200 	 2.028226e-04 
201 	 2.489416e-04 
202 	 2.974272e-04 
203 	 3.458394e-04 
204 	 3.912979e-04 
205 	 4.307487e-04 
206 	 4.612968e-04 
207 	 4.805548e-04 
208 	 4.869507e-04 
209 	 4.799389e-04 
210 	 4.600763e-04 
211 	 4.289474e-04 
212 	 3.889545e-04 
213 	 3.430100e-04 
214 	 2.941860e-04 
215 	 2.453804e-04 
216 	 1.990477e-04 
217 	 1.570257e-04 
218 	 1.204700e-04 
219 	 8.988351e-05 
220 	 6.521879e-05 
221 	 4.602102e-05 
222 	 3.158128e-05 
223 	 2.107623e-05 
224 	 1.367872e-05 
225 	 8.633511e-06 
226 	 5.299310e-06 
227 	 3.163312e-06 
228 	 1.836360e-06 
229 	 1.036743e-06 
230 	 5.692335e-07 
231 	 3.039723e-07 
232 	 1.578839e-07 
233 	 7.977722e-08 
234 	 3.923022e-08 
235 	 1.878981e-08 
236 	 8.781853e-09 
237 	 4.021936e-09 
238 	 1.822345e-09 
239 	 8.344922e-10 
240 	 4.032042e-10 
241 	 2.201769e-10 
242 	 1.448414e-10 
243 	 1.150709e-10 
244 	 1.042242e-10 
245 	 1.011869e-10 
246 	 1.014108e-10 
247 	 1.027287e-10 
248 	 1.051203e-10 
249 	 1.075390e-10 
250 	 1.098077e-10 
251 	 1.117625e-10 
252 	 1.132689e-10 
253 	 1.142349e-10 
254 	 1.146188e-10 
255 	 1.144290e-10 
256 	 1.137164e-10 
257 	 1.125598e-10 
258 	 1.110472e-10 
259 	 1.092559e-10 
260 	 1.072362e-10 
261 	 1.050010e-10 
262 	 1.025227e-10 
263 	 9.973947e-11 
264 	 9.656776e-11 
265 	 9.291991e-11 
266 	 8.872274e-11 
267 	 8.393428e-11 
268 	 7.855581e-11 
269 	 7.263740e-11 
270 	 6.627647e-11 
271 	 5.961010e-11 
272 	 5.280238e-11 
273 	 4.602925e-11 
274 	 3.946284e-11 
275 	 3.325748e-11 
276 	 2.753893e-11 
277 	 2.239762e-11 
278 	 1.788622e-11 
279 	 1.402107e-11 
280 	 1.078671e-11 
281 	 8.142446e-12 
282 	 6.029761e-12 
283 	 4.379808e-12 
284 	 3.120015e-12 
285 	 2.179453e-12 
286 	 1.492710e-12 
287 	 1.002287e-12 
288 	 6.597113e-13 
289 	 4.256179e-13 
290 	 2.691242e-13 
291 	 1.667702e-13 
292 	 1.012710e-13 
293 	 6.025928e-14 
294 	 3.513246e-14 
295 	 2.006849e-14 
296 	 1.123103e-14 
297 	 6.157501e-15 
298 	 3.307102e-15 
299 	 1.739955e-15 
300 	 8.967205e-16 
301 	 4.526800e-16 
302 	 2.238351e-16 
303 	 1.084068e-16 
304 	 5.142409e-17 
305 	 2.389180e-17 
306 	 1.087165e-17 
307 	 4.845057e-18 
308 	 2.098976e-18 
309 	 8.980186e-19 
310 	 3.762349e-19 
311 	 1.543578e-19 
312 	 6.201456e-20 
313 	 0.000000e+00 
314 	 0.000000e+00 
315 	 0.000000e+00 
316 	 0.000000e+00 
317 	 0.000000e+00 
318 	 0.000000e+00 
319 	 0.000000e+00 
320 	 0.000000e+00 
321 	 0.000000e+00 
322 	 0.000000e+00 
323 	 0.000000e+00 
324 	 0.000000e+00 
325 	 0.000000e+00 
326 	 0.000000e+00 
327 	 0.000000e+00 
328 	 0.000000e+00 
329 	 0.000000e+00 
330 	 0.000000e+00 
331 	 0.000000e+00 
332 	 0.000000e+00 
333 	 0.000000e+00 
334 	 0.000000e+00 
335 	 0.000000e+00 
336 	 0.000000e+00 
337 	 0.000000e+00 
338 	 0.000000e+00 
339 	 0.000000e+00 
340 	 0.000000e+00 
341 	 0.000000e+00 
342 	 0.000000e+00 
343 	 0.000000e+00 
344 	 0.000000e+00 
345 	 0.000000e+00 
346 	 0.000000e+00 
347 	 0.000000e+00 
348 	 0.000000e+00 
349 	 0.000000e+00 
350 	 0.000000e+00 
351 	 0.000000e+00 
352 	 0.000000e+00 
353 	 0.000000e+00 
354 	 0.000000e+00 
355 	 0.000000e+00 
356 	 0.000000e+00 
357 	 0.000000e+00 
358 	 0.000000e+00 
359 	 0.000000e+00 
360 	 0.000000e+00 
361 	 0.000000e+00 
362 	 0.000000e+00 
363 	 0.000000e+00 
364 	 0.000000e+00 
365 	 0.000000e+00 
366 	 0.000000e+00 
367 	 0.000000e+00 
368 	 0.000000e+00 
369 	 0.000000e+00 
370 	 0.000000e+00 
371 	 0.000000e+00 
372 	 0.000000e+00 
373 	 0.000000e+00 
374 	 0.000000e+00 
375 	 0.000000e+00 
376 	 0.000000e+00 
377 	 0.000000e+00 
378 	 0.000000e+00 
379 	 0.000000e+00 
380 	 0.000000e+00 
381 	 0.000000e+00 
382 	 0.000000e+00 
383 	 0.000000e+00 
384 	 0.000000e+00 
385 	 0.000000e+00 
386 	 0.000000e+00 
387 	 0.000000e+00 
388 	 0.000000e+00 
389 	 0.000000e+00 
390 	 0.000000e+00 
391 	 0.000000e+00 
392 	 0.000000e+00 
393 	 0.000000e+00 
394 	 0.000000e+00 
395 	 0.000000e+00 
396 	 0.000000e+00 
397 	 0.000000e+00 
398 	 0.000000e+00 
399 	 0.000000e+00 
400 	 0.000000e+00 
401 	 0.000000e+00 
402 	 0.000000e+00 
403 	 0.000000e+00 
404 	 0.000000e+00 
405 	 0.000000e+00 
406 	 0.000000e+00 
407 	 0.000000e+00 
408 	 0.000000e+00 
409 	 0.000000e+00 
410 	 0.000000e+00 
411 	 0.000000e+00 
412 	 0.000000e+00 
413 	 0.000000e+00 
414 	 0.000000e+00 
415 	 0.000000e+00 
416 	 0.000000e+00 
417 	 0.000000e+00 
418 	 0.000000e+00 
419 	 0.000000e+00 
420 	 0.000000e+00 
421 	 0.000000e+00 
422 	 0.000000e+00 
423 	 0.000000e+00 
424 	 0.000000e+00 
425 	 0.000000e+00 
426 	 0.000000e+00 
427 	 0.000000e+00 
428 	 0.000000e+00 
429 	 0.000000e+00 
430 	 0.000000e+00 
431 	 0.000000e+00 
432 	 0.000000e+00 
433 	 0.000000e+00 
434 	 0.000000e+00 
435 	 0.000000e+00 
436 	 0.000000e+00 
437 	 0.000000e+00 
438 	 0.000000e+00 
439 	 0.000000e+00 
440 	 0.000000e+00 
441 	 0.000000e+00 
442 	 0.000000e+00 
443 	 0.000000e+00 
444 	 0.000000e+00 
445 	 0.000000e+00 
446 	 0.000000e+00 
447 	 0.000000e+00 
448 	 0.000000e+00 
449 	 0.000000e+00 
450 	 0.000000e+00 
451 	 0.000000e+00 
452 	 0.000000e+00 
453 	 0.000000e+00 
454 	 0.000000e+00 
455 	 0.000000e+00 
456 	 0.000000e+00 
457 	 0.000000e+00 
458 	 0.000000e+00 
459 	 0.000000e+00 
460 	 0.000000e+00 
461 	 0.000000e+00 
462 	 0.000000e+00 
463 	 0.000000e+00 
464 	 0.000000e+00 
465 	 0.000000e+00 
466 	 0.000000e+00 
467 	 0.000000e+00 
468 	 0.000000e+00 
469 	 0.000000e+00 
470 	 0.000000e+00 
471 	 0.000000e+00 
472 	 0.000000e+00 
473 	 0.000000e+00 
474 	 0.000000e+00 
475 	 0.000000e+00 
476 	 0.000000e+00 
477 	 0.000000e+00 
478 	 0.000000e+00 
479 	 0.000000e+00 
480 	 0.000000e+00 
481 	 0.000000e+00 
482 	 0.000000e+00 
483 	 0.000000e+00 
484 	 0.000000e+00 
485 	 0.000000e+00 
486 	 0.000000e+00 
487 	 0.000000e+00 
488 	 0.000000e+00 
489 	 0.000000e+00 
490 	 0.000000e+00 
491 	 0.000000e+00 
492 	 0.000000e+00 
493 	 0.000000e+00 
494 	 0.000000e+00 
495 	 0.000000e+00 
496 	 0.000000e+00 
497 	 0.000000e+00 
498 	 0.000000e+00 
499 	 0.000000e+00 
500 	 0.000000e+00 
501 	 0.000000e+00 
502 	 0.000000e+00 
503 	 0.000000e+00 
504 	 0.000000e+00 
505 	 0.000000e+00 
506 	 0.000000e+00 
507 	 0.000000e+00 
508 	 0.000000e+00 
509 	 0.000000e+00 
510 	 0.000000e+00 
511 	 0.000000e+00 
512 	 0.000000e+00 
513 	 0.000000e+00 
514 	 0.000000e+00 
515 	 0.000000e+00 
516 	 0.000000e+00 
517 	 0.000000e+00 
518 	 0.000000e+00 
519 	 0.000000e+00 
520 	 0.000000e+00 
521 	 0.000000e+00 
522 	 0.000000e+00 
523 	 0.000000e+00 
524 	 0.000000e+00 
525 	 0.000000e+00 
526 	 0.000000e+00 
527 	 0.000000e+00 
528 	 0.000000e+00 
529 	 0.000000e+00 
530 	 0.000000e+00 
531 	 0.000000e+00 
532 	 0.000000e+00 
533 	 0.000000e+00 
534 	 0.000000e+00 
535 	 0.000000e+00 
536 	 0.000000e+00 
537 	 0.000000e+00 
538 	 0.000000e+00 
539 	 0.000000e+00 
540 	 0.000000e+00 
541 	 0.000000e+00 
542 	 0.000000e+00 
543 	 0.000000e+00 
544 	 0.000000e+00 
545 	 0.000000e+00 
546 	 0.000000e+00 
547 	 0.000000e+00 
548 	 0.000000e+00 
549 	 0.000000e+00 
550 	 0.000000e+00 
551 	 0.000000e+00 
552 	 0.000000e+00 
553 	 0.000000e+00 
554 	 0.000000e+00 
555 	 0.000000e+00 
556 	 0.000000e+00 
557 	 0.000000e+00 
558 	 0.000000e+00 
559 	 0.000000e+00 
560 	 0.000000e+00 
561 	 0.000000e+00 
562 	 0.000000e+00 
563 	 0.000000e+00 
564 	 0.000000e+00 
565 	 0.000000e+00 
566 	 0.000000e+00 
567 	 0.000000e+00 
568 	 0.000000e+00 
569 	 0.000000e+00 
570 	 0.000000e+00 
571 	 0.000000e+00 
572 	 0.000000e+00 
573 	 0.000000e+00 
574 	 0.000000e+00 
575 	 0.000000e+00 
576 	 0.000000e+00 
577 	 0.000000e+00 
578 	 0.000000e+00 
579 	 0.000000e+00 
580 	 0.000000e+00 
581 	 0.000000e+00 
582 	 0.000000e+00 
583 	 0.000000e+00 
584 	 0.000000e+00 
585 	 0.000000e+00 
586 	 0.000000e+00 
587 	 0.000000e+00 
588 	 0.000000e+00 
589 	 0.000000e+00 
590 	 0.000000e+00 
591 	 0.000000e+00 
592 	 0.000000e+00 
593 	 0.000000e+00 
594 	 0.000000e+00 
595 	 0.000000e+00 
596 	 0.000000e+00 
597 	 0.000000e+00 
598 	 0.000000e+00 
599 	 0.000000e+00 
600 	 0.000000e+00 
601 	 0.000000e+00 
602 	 0.000000e+00 
603 	 0.000000e+00 
604 	 0.000000e+00 
605 	 0.000000e+00 
606 	 0.000000e+00 
607 	 0.000000e+00 
608 	 0.000000e+00 
609 	 0.000000e+00 
610 	 0.000000e+00 
611 	 0.000000e+00 
612 	 0.000000e+00 
613 	 0.000000e+00 
614 	 0.000000e+00 
615 	 0.000000e+00 
616 	 0.000000e+00 
617 	 0.000000e+00 
618 	 0.000000e+00 
619 	 0.000000e+00 
620 	 0.000000e+00 
621 	 0.000000e+00 
622 	 0.000000e+00 
623 	 0.000000e+00 
624 	 0.000000e+00 
625 	 0.000000e+00 
626 	 0.000000e+00 
627 	 0.000000e+00 
628 	 0.000000e+00 
629 	 0.000000e+00 
630 	 0.000000e+00 
631 	 0.000000e+00 
632 	 0.000000e+00 
633 	 0.000000e+00 
634 	 0.000000e+00 
635 	 0.000000e+00 
636 	 0.000000e+00 
637 	 0.000000e+00 
638 	 0.000000e+00 
639 	 0.000000e+00 
640 	 0.000000e+00 
641 	 0.000000e+00 
642 	 0.000000e+00 
643 	 0.000000e+00 
644 	 0.000000e+00 
645 	 0.000000e+00 
646 	 0.000000e+00 
647 	 0.000000e+00 
648 	 0.000000e+00 
649 	 0.000000e+00 
650 	 0.000000e+00 
651 	 0.000000e+00 
652 	 0.000000e+00 
653 	 0.000000e+00 
654 	 0.000000e+00 
655 	 0.000000e+00 
656 	 0.000000e+00 
657 	 0.000000e+00 
658 	 0.000000e+00 
659 	 0.000000e+00 
660 	 0.000000e+00 
661 	 0.000000e+00 
662 	 0.000000e+00 
663 	 0.000000e+00 
664 	 0.000000e+00 
665 	 0.000000e+00 
666 	 0.000000e+00 
667 	 0.000000e+00 
668 	 0.000000e+00 
669 	 0.000000e+00 
670 	 0.000000e+00 
671 	 0.000000e+00 
672 	 0.000000e+00 
673 	 0.000000e+00 
674 	 0.000000e+00 
675 	 0.000000e+00 
676 	 0.000000e+00 
677 	 0.000000e+00 
678 	 0.000000e+00 
679 	 0.000000e+00 
680 	 0.000000e+00 
681 	 0.000000e+00 
682 	 0.000000e+00 
683 	 0.000000e+00 
684 	 0.000000e+00 
685 	 0.000000e+00 
686 	 0.000000e+00 
687 	 0.000000e+00 
688 	 0.000000e+00 
689 	 0.000000e+00 
690 	 0.000000e+00 
691 	 0.000000e+00 
692 	 0.000000e+00 
693 	 0.000000e+00 
694 	 0.000000e+00 
695 	 0.000000e+00 
696 	 0.000000e+00 
697 	 0.000000e+00 
698 	 0.000000e+00 
699 	 0.000000e+00 
700 	 0.000000e+00 
701 	 0.000000e+00 
702 	 0.000000e+00 
703 	 0.000000e+00 
704 	 0.000000e+00 
705 	 0.000000e+00 
706 	 0.000000e+00 
707 	 0.000000e+00 
708 	 0.000000e+00 
709 	 0.000000e+00 
710 	 0.000000e+00 
711 	 0.000000e+00 
712 	 0.000000e+00 
713 	 0.000000e+00 
714 	 0.000000e+00 
715 	 0.000000e+00 
716 	 0.000000e+00 
717 	 0.000000e+00 
718 	 0.000000e+00 
719 	 0.000000e+00 
720 	 0.000000e+00 
721 	 0.000000e+00 
722 	 0.000000e+00 
723 	 0.000000e+00 
724 	 0.000000e+00 
725 	 0.000000e+00 
726 	 0.000000e+00 
727 	 0.000000e+00 
728 	 0.000000e+00 
729 	 0.000000e+00 
730 	 0.000000e+00 
731 	 0.000000e+00 
732 	 0.000000e+00 
733 	 0.000000e+00 
734 	 0.000000e+00 
735 	 0.000000e+00 
736 	 0.000000e+00 
737 	 0.000000e+00 
738 	 0.000000e+00 
739 	 0.000000e+00 
740 	 0.000000e+00 
741 	 0.000000e+00 
742 	 0.000000e+00 
743 	 0.000000e+00 
744 	 0.000000e+00 
745 	 0.000000e+00 
746 	 0.000000e+00 
747 	 0.000000e+00 
748 	 0.000000e+00 
749 	 0.000000e+00 
750 	 0.000000e+00 
751 	 0.000000e+00 
752 	 0.000000e+00 
753 	 0.000000e+00 
754 	 0.000000e+00 
755 	 0.000000e+00 
756 	 0.000000e+00 
757 	 0.000000e+00 
758 	 0.000000e+00 
759 	 0.000000e+00 
760 	 0.000000e+00 
761 	 0.000000e+00 
762 	 0.000000e+00 
763 	 0.000000e+00 
764 	 0.000000e+00 
765 	 0.000000e+00 
766 	 0.000000e+00 
767 	 0.000000e+00 
768 	 0.000000e+00 
769 	 0.000000e+00 
770 	 0.000000e+00 
771 	 0.000000e+00 
772 	 0.000000e+00 
773 	 0.000000e+00 
774 	 0.000000e+00 
775 	 0.000000e+00 
776 	 0.000000e+00 
777 	 0.000000e+00 
778 	 0.000000e+00 
779 	 0.000000e+00 
780 	 0.000000e+00 
781 	 0.000000e+00 
782 	 0.000000e+00 
783 	 0.000000e+00 
784 	 0.000000e+00 
785 	 0.000000e+00 
786 	 0.000000e+00 
787 	 0.000000e+00 
788 	 0.000000e+00 
789 	 0.000000e+00 
790 	 0.000000e+00 
791 	 0.000000e+00 
792 	 0.000000e+00 
793 	 0.000000e+00 
794 	 0.000000e+00 
795 	 0.000000e+00 
796 	 0.000000e+00 
797 	 0.000000e+00 
798 	 0.000000e+00 
799 	 0.000000e+00 
800 	 0.000000e+00 
801 	 0.000000e+00 
802 	 0.000000e+00 
803 	 0.000000e+00 
804 	 0.000000e+00 
805 	 0.000000e+00 
806 	 0.000000e+00 
807 	 0.000000e+00 
808 	 0.000000e+00 
809 	 0.000000e+00 
810 	 0.000000e+00 
811 	 0.000000e+00 
812 	 0.000000e+00 
813 	 0.000000e+00 
814 	 0.000000e+00 
815 	 0.000000e+00 
816 	 0.000000e+00 
817 	 0.000000e+00 
818 	 0.000000e+00 
819 	 0.000000e+00 
820 	 0.000000e+00 
821 	 0.000000e+00 
822 	 0.000000e+00 
823 	 0.000000e+00 
824 	 0.000000e+00 
825 	 0.000000e+00 
826 	 0.000000e+00 
827 	 0.000000e+00 
828 	 0.000000e+00 
829 	 0.000000e+00 
830 	 0.000000e+00 
831 	 0.000000e+00 
832 	 0.000000e+00 
833 	 0.000000e+00 
834 	 0.000000e+00 
835 	 0.000000e+00 
836 	 0.000000e+00 
837 	 0.000000e+00 
838 	 0.000000e+00 
839 	 0.000000e+00 
840 	 0.000000e+00 
841 	 0.000000e+00 
842 	 0.000000e+00 
843 	 0.000000e+00 
844 	 0.000000e+00 
845 	 0.000000e+00 
846 	 0.000000e+00 
847 	 0.000000e+00 
848 	 0.000000e+00 
849 	 0.000000e+00 
850 	 0.000000e+00 
851 	 0.000000e+00 
852 	 0.000000e+00 
853 	 0.000000e+00 
854 	 0.000000e+00 
855 	 0.000000e+00 
856 	 0.000000e+00 
857 	 0.000000e+00 
858 	 0.000000e+00 
859 	 0.000000e+00 
860 	 0.000000e+00 
861 	 0.000000e+00 
862 	 0.000000e+00 
863 	 0.000000e+00 
864 	 0.000000e+00 
865 	 0.000000e+00 
866 	 0.000000e+00 
867 	 0.000000e+00 
868 	 0.000000e+00 
869 	 0.000000e+00 
870 	 0.000000e+00 
871 	 0.000000e+00 
872 	 0.000000e+00 
873 	 0.000000e+00 
874 	 0.000000e+00 
875 	 0.000000e+00 
876 	 0.000000e+00 
877 	 0.000000e+00 
878 	 0.000000e+00 
879 	 0.000000e+00 
880 	 0.000000e+00 
881 	 0.000000e+00 
882 	 0.000000e+00 
883 	 0.000000e+00 
884 	 0.000000e+00 
885 	 0.000000e+00 
886 	 0.000000e+00 
887 	 0.000000e+00 
888 	 0.000000e+00 
889 	 0.000000e+00 
890 	 0.000000e+00 
891 	 0.000000e+00 
892 	 0.000000e+00 
893 	 0.000000e+00 
894 	 0.000000e+00 
895 	 0.000000e+00 
896 	 0.000000e+00 
897 	 0.000000e+00 
898 	 0.000000e+00 
899 	 0.000000e+00 
900 	 0.000000e+00 
901 	 0.000000e+00 
902 	 0.000000e+00 
903 	 0.000000e+00 
904 	 0.000000e+00 
905 	 0.000000e+00 
906 	 0.000000e+00 
907 	 0.000000e+00 
908 	 0.000000e+00 
909 	 0.000000e+00 
910 	 0.000000e+00 
911 	 0.000000e+00 
912 	 0.000000e+00 
913 	 0.000000e+00 
914 	 0.000000e+00 
915 	 0.000000e+00 
916 	 0.000000e+00 
917 	 0.000000e+00 
918 	 0.000000e+00 
919 	 0.000000e+00 
920 	 0.000000e+00 
921 	 0.000000e+00 
922 	 0.000000e+00 
923 	 0.000000e+00 
924 	 0.000000e+00 
925 	 0.000000e+00 
926 	 0.000000e+00 
927 	 0.000000e+00 
928 	 0.000000e+00 
929 	 0.000000e+00 
930 	 0.000000e+00 
931 	 0.000000e+00 
932 	 0.000000e+00 
933 	 0.000000e+00 
934 	 0.000000e+00 
935 	 0.000000e+00 
936 	 0.000000e+00 
937 	 0.000000e+00 
938 	 0.000000e+00 
939 	 0.000000e+00 
940 	 0.000000e+00 
941 	 0.000000e+00 
942 	 0.000000e+00 
943 	 0.000000e+00 
944 	 0.000000e+00 
945 	 0.000000e+00 
946 	 0.000000e+00 
947 	 0.000000e+00 
948 	 0.000000e+00 
949 	 0.000000e+00 
950 	 0.000000e+00 
951 	 0.000000e+00 
952 	 0.000000e+00 
953 	 0.000000e+00 
954 	 0.000000e+00 
955 	 0.000000e+00 
956 	 0.000000e+00 
957 	 0.000000e+00 
958 	 0.000000e+00 
959 	 0.000000e+00 
960 	 0.000000e+00 
961 	 0.000000e+00 
962 	 0.000000e+00 
963 	 0.000000e+00 
964 	 0.000000e+00 
965 	 0.000000e+00 
966 	 0.000000e+00 
967 	 0.000000e+00 
968 	 0.000000e+00 
969 	 0.000000e+00 
970 	 0.000000e+00 
971 	 0.000000e+00 
972 	 0.000000e+00 
973 	 0.000000e+00 
974 	 0.000000e+00 
975 	 0.000000e+00 
976 	 0.000000e+00 
977 	 0.000000e+00 
978 	 0.000000e+00 
979 	 0.000000e+00 
980 	 0.000000e+00 
981 	 0.000000e+00 
982 	 0.000000e+00 
983 	 0.000000e+00 
984 	 0.000000e+00 
985 	 0.000000e+00 
986 	 0.000000e+00 
987 	 0.000000e+00 
988 	 0.000000e+00 
989 	 0.000000e+00 
990 	 0.000000e+00 
991 	 0.000000e+00 
992 	 0.000000e+00 
993 	 0.000000e+00 
994 	 0.000000e+00 
995 	 0.000000e+00 
996 	 0.000000e+00 
997 	 0.000000e+00 
998 	 0.000000e+00 
999 	 0.000000e+00 
1000 	 0.000000e+00 
1001 	 0.000000e+00 
1002 	 0.000000e+00 
1003 	 0.000000e+00 
1004 	 0.000000e+00 
1005 	 0.000000e+00 
1006 	 0.000000e+00 
1007 	 0.000000e+00 
1008 	 0.000000e+00 
1009 	 0.000000e+00 
1010 	 0.000000e+00 
1011 	 0.000000e+00 
1012 	 0.000000e+00 
1013 	 0.000000e+00 
1014 	 0.000000e+00 
1015 	 0.000000e+00 
1016 	 0.000000e+00 
1017 	 0.000000e+00 
1018 	 0.000000e+00 
1019 	 0.000000e+00 
1020 	 0.000000e+00 
1021 	 0.000000e+00 
1022 	 0.000000e+00 
1023 	 0.000000e+00 
1024 	 0.000000e+00 
