0.000000000000000000e+00
0.000000000000000000e+00
0.000000000000000000e+00
0.000000000000000000e+00
0.000000000000000000e+00
0.000000000000000000e+00
0.000000000000000000e+00
1.580000000000000119e-05
2.324229999999999938e-04
2.111190000000000093e-04
2.136340000000000081e-04
5.937279999999999641e-04
1.990655000000000029e-03
4.824038999999999584e-03
7.960306000000000326e-03
9.061816999999999789e-03
7.301148000000000360e-03
4.446610999999999619e-03
2.249609999999999978e-03
8.676511999999999506e-04
3.348329999999999297e-04
1.764757999999999952e-04
1.829645999999998305e-04
2.351023999999998651e-04
2.961911999999999163e-04
3.591799999999999594e-04
4.252688000000000778e-04
4.938305999999998861e-04
5.709073999999999746e-04
6.563601999999999978e-04
7.481639999999998387e-04
8.318778000000001281e-04
9.034085999999999549e-04
5.421785714285714923e-04
5.274035714285714178e-04
5.369445714285714811e-04
6.013455714285714359e-04
7.808065714285714444e-04
1.105479571428571485e-03
1.259373999999999954e-03
1.826733000000000089e-03
2.358767999999999802e-03
2.583086000000000063e-03
2.497239999999999963e-03
2.046538999999999997e-03
1.488500999999999930e-03
9.363140000000000482e-04
8.065335100000000333e-04
5.581818400000000463e-04
4.265101700000000330e-04
3.674195000000000759e-04
3.411758300000000297e-04
3.295921600000000363e-04
3.217084900000000245e-04
3.161248200000000685e-04
3.119411500000000381e-04
3.075574800000000029e-04
3.043738100000000510e-04
2.994901400000000579e-04
2.936064700000000404e-04
2.872228000000000107e-04
2.807391300000000329e-04
2.742554600000000550e-04
2.675717900000000723e-04
2.606881200000000305e-04
2.532044500000000284e-04
2.453207800000000165e-04
2.370371100000000491e-04
2.287534400000000275e-04
2.208697700000000156e-04
2.141861000000000329e-04
2.070024300000000651e-04
2.018187600000000376e-04
1.988350900000000364e-04
2.001514200000000313e-04
2.094677500000000580e-04
2.273570800000000313e-04
2.585384100000000392e-04
3.041377400000000301e-04
3.531890700000000550e-04
4.025984000000000789e-04
4.431687300000000337e-04
4.525672857142857457e-04
4.480982857142857450e-04
3.768372999999999775e-04
3.297133000000000268e-04
2.705183000000000219e-04
2.198322999999999857e-04
1.761093000000000250e-04
1.475743000000000280e-04
1.285342999999999935e-04
1.194942999999999987e-04
1.149543000000000049e-04
1.147143000000000208e-04
1.156743000000000116e-04
1.171342999999999874e-04
1.201943000000000022e-04
1.231543000000000145e-04
1.261143000000000268e-04
1.284743000000000245e-04
1.317342999999999899e-04
1.343942999999999950e-04
1.375543000000000122e-04
1.419143000000000314e-04
1.490743000000000103e-04
1.600343000000000002e-04
1.797942999999999872e-04
2.087833000000000310e-04
2.501803000000000143e-04
3.054133000000000325e-04
3.183272857142857570e-04
3.877954285714285861e-04
4.390470000000000267e-04
5.131450000000000074e-04
5.716809999999999904e-04
6.123819999999999654e-04
6.105330000000000175e-04
5.845930000000000050e-04
5.325829999999999930e-04
4.624750000000000063e-04
3.839779999999999886e-04
3.091629999999999942e-04
2.360390000000000079e-04
1.786190000000000054e-04
1.345390000000000073e-04
1.038209999999999941e-04
1.012999999999999957e-04
8.789999999999999528e-05
8.079999999999999888e-05
7.640000000000000035e-05
7.610000000000000661e-05
7.650000000000000279e-05
7.959999999999999682e-05
8.219999999999999226e-05
8.650000000000000191e-05
8.940000000000000464e-05
9.320000000000000214e-05
9.480000000000000037e-05
9.720000000000000450e-05
9.720000000000000450e-05
9.820000000000000170e-05
9.830000000000000413e-05
9.760000000000000067e-05
9.880000000000000273e-05
9.940000000000000376e-05
9.930000000000000133e-05
1.005000000000000034e-04
1.002999999999999985e-04
9.767142857142856996e-05
9.404285714285714418e-05
8.994285714285713939e-05
8.664285714285714049e-05
8.194285714285714822e-05
7.724285714285714240e-05
7.284285714285714387e-05
6.894285714285714394e-05
6.584285714285713635e-05
6.354285714285714821e-05
6.194285714285713642e-05
6.094285714285713922e-05
6.044285714285714062e-05
6.024285714285713576e-05
6.014285714285714688e-05
6.004285714285714445e-05
5.984285714285713959e-05
6.004285714285714445e-05
5.934285714285714099e-05
5.884285714285714239e-05
5.844285714285714622e-05
5.794285714285714762e-05
5.784285714285714519e-05
5.694285714285713686e-05
5.664285714285714312e-05
5.674285714285714555e-05
5.604285714285714209e-05
5.594285714285713966e-05
5.634285714285713583e-05
5.604285714285714209e-05
5.664285714285714312e-05
5.378571428571428333e-05
5.458571428571428244e-05
5.458571428571428244e-05
5.558571428571428642e-05
5.568571428571428208e-05
5.668571428571428605e-05
5.668571428571428605e-05
5.748571428571428517e-05
5.718571428571428465e-05
5.768571428571428326e-05
5.748571428571428517e-05
5.678571428571428848e-05
5.668571428571428605e-05
5.455714285714285608e-05
5.232857142857143045e-05
5.092857142857142353e-05
5.032857142857142250e-05
4.932857142857142530e-05
4.832857142857142809e-05
4.722857142857142846e-05
4.632857142857143369e-05
4.502857142857142920e-05
4.462857142857143303e-05
4.392857142857142956e-05
4.332857142857142853e-05
4.292857142857143236e-05
4.252857142857142264e-05
4.232857142857143133e-05
4.222857142857142890e-05
4.222857142857142890e-05
4.222857142857142890e-05
4.272857142857142750e-05
4.262857142857142507e-05
4.292857142857143236e-05
4.322857142857142610e-05
4.372857142857142470e-05
4.422857142857142330e-05
4.512857142857143163e-05
4.532857142857142294e-05
4.592857142857142397e-05
4.692857142857143472e-05
4.712857142857142603e-05
4.762857142857142463e-05
4.852857142857143296e-05
4.842857142857143052e-05
4.862857142857143539e-05
4.912857142857143399e-05
4.862857142857143539e-05
4.882857142857142669e-05
4.812857142857142323e-05
4.802857142857143435e-05
4.508571428571428870e-05
4.498571428571428627e-05
4.408571428571428472e-05
4.398571428571428906e-05
4.328571428571428560e-05
4.338571428571428803e-05
4.318571428571428317e-05
4.298571428571428509e-05
4.144285714285714635e-05
4.204285714285714738e-05
4.294285714285714893e-05
4.384285714285714370e-05
4.604285714285714297e-05
4.834285714285714466e-05
5.114285714285714496e-05
5.444285714285714386e-05
5.764285714285714710e-05
6.234285714285714615e-05
6.664285714285714225e-05
7.114285714285714321e-05
7.534285714285715043e-05
7.924285714285715036e-05
8.244285714285714683e-05
8.484285714285715095e-05
8.614285714285714189e-05
8.634285714285714675e-05
8.534285714285714955e-05
8.324285714285715272e-05
8.094285714285715102e-05
7.624285714285714520e-05
7.184285714285714667e-05
6.694285714285713599e-05
6.204285714285713885e-05
5.724285714285714415e-05
5.324285714285714857e-05
4.874285714285714761e-05
4.524285714285714385e-05
4.274285714285714407e-05
4.014285714285714863e-05
3.854285714285714362e-05
3.774285714285714451e-05
3.684285714285714296e-05
3.674285714285714731e-05
3.724285714285714591e-05
3.744285714285714399e-05
3.844285714285714797e-05
3.904285714285714900e-05
4.034285714285714672e-05
4.094285714285714775e-05
4.071428571428570975e-05
4.111428571428571270e-05
3.987142857142857448e-05
4.017142857142857500e-05
3.977142857142857205e-05
3.977142857142857205e-05
3.917142857142857102e-05
3.797142857142857573e-05
3.717142857142856984e-05
3.587142857142857212e-05
3.447142857142857197e-05
3.277142857142857131e-05
3.157142857142856924e-05
3.017142857142857248e-05
2.897142857142857381e-05
2.787142857142857418e-05
2.707142857142857167e-05
2.647142857142857403e-05
2.617142857142857351e-05
2.617142857142857351e-05
2.627142857142857255e-05
2.727142857142857314e-05
2.867142857142857329e-05
2.997142857142857440e-05
3.177142857142857411e-05
3.397142857142857337e-05
3.647142857142857315e-05
3.927142857142857345e-05
4.207142857142857374e-05
4.487142857142857404e-05
4.767142857142857434e-05
5.057142857142857029e-05
5.217142857142857530e-05
5.377142857142857353e-05
5.477142857142857073e-05
5.567142857142857228e-05
5.477142857142857073e-05
5.367142857142857110e-05
5.247142857142857582e-05
4.977142857142857117e-05
4.757142857142857191e-05
4.407142857142857492e-05
4.087142857142857168e-05
3.797142857142857573e-05
3.437142857142857632e-05
3.157142857142856924e-05
2.847142857142857182e-05
2.607142857142857447e-05
2.377142857142857277e-05
2.167142857142857255e-05
2.027142857142857240e-05
1.887142857142857225e-05
1.807142857142857314e-05
1.737142857142857306e-05
1.697142857142857350e-05
1.707142857142857255e-05
1.727142857142857063e-05
1.787142857142857166e-05
1.857142857142857174e-05
1.987142857142857284e-05
2.137142857142857203e-05
2.317142857142857174e-05
2.527142857142857196e-05
2.767142857142857270e-05
3.037142857142857396e-05
3.337142857142857234e-05
3.627142857142857507e-05
3.987142857142857448e-05
4.327142857142857581e-05
4.667142857142857036e-05
4.997142857142857603e-05
5.367142857142857110e-05
5.597142857142857280e-05
5.847142857142857258e-05
6.047142857142857376e-05
6.197142857142856956e-05
6.287142857142856433e-05
6.327142857142857406e-05
6.357142857142856780e-05
6.217142857142857442e-05
6.067142857142857184e-05
5.877142857142857309e-05
5.687142857142857435e-05
5.357142857142857545e-05
5.057142857142857029e-05
4.767142857142857434e-05
4.387142857142857006e-05
4.047142857142857551e-05
3.747142857142857035e-05
3.387142857142857094e-05
3.117142857142857307e-05
2.807142857142857226e-05
2.577142857142857395e-05
2.327142857142857417e-05
2.157142857142857351e-05
1.967142857142857137e-05
1.837142857142857365e-05
1.492857142857142770e-05
1.402857142857142785e-05
1.322857142857142873e-05
1.242857142857142792e-05
1.202857142857142836e-05
1.152857142857142806e-05
1.107857142857142899e-05
1.084857142857142780e-05
1.056857142857142879e-05
1.030857142857142789e-05
1.005857142857142859e-05
9.718571428571428454e-06
9.548571428571428387e-06
9.288571428571427489e-06
9.008571428571428475e-06
8.708571428571427960e-06
8.398571428571429234e-06
8.078571428571428909e-06
7.738571428571428776e-06
7.398571428571428644e-06
7.058571428571428511e-06
6.728571428571428282e-06
6.398571428571428053e-06
6.088571428571429327e-06
5.808571428571428620e-06
5.548571428571429415e-06
5.368571428571429445e-06
5.138571428571428259e-06
4.988571428571428001e-06
4.868571428571429150e-06
4.788571428571428222e-06
4.778571428571428317e-06
4.738571428571428700e-06
4.748571428571428605e-06
4.778571428571428317e-06
4.858571428571429245e-06
4.868571428571429150e-06
4.948571428571428384e-06
4.948571428571428384e-06
4.968571428571428192e-06
4.998571428571428752e-06
4.938571428571428480e-06
4.928571428571428575e-06
4.818571428571428781e-06
4.748571428571428605e-06
4.598571428571428347e-06
4.498571428571428457e-06
4.368571428571428855e-06
4.218571428571428597e-06
4.148571428571428420e-06
4.068571428571428339e-06
4.088571428571428147e-06
4.148571428571428420e-06
4.308571428571428582e-06
4.538571428571428921e-06
4.948571428571428384e-06
5.478571428571428392e-06
6.158571428571428657e-06
6.294285714285714040e-06
7.254285714285714166e-06
8.534285714285714616e-06
9.567142857142856539e-06
1.115714285714285656e-05
1.285714285714285723e-05
1.465714285714285693e-05
1.665714285714285642e-05
1.830000000000000097e-05
2.029999999999999876e-05
2.220000000000000090e-05
2.409999999999999965e-05
2.570000000000000127e-05
2.720000000000000046e-05
2.830000000000000010e-05
2.920000000000000164e-05
2.989999999999999833e-05
2.979999999999999929e-05
2.949999999999999877e-05
2.890000000000000113e-05
2.790000000000000054e-05
2.689999999999999995e-05
2.519999999999999928e-05
2.339999999999999958e-05
2.180000000000000134e-05
1.959999999999999869e-05
1.760000000000000090e-05
1.580000000000000119e-05
1.369999999999999927e-05
1.200000000000000030e-05
1.020000000000000060e-05
8.760000000000000832e-06
7.300000000000000411e-06
6.139999999999999659e-06
5.030000000000000122e-06
4.169999999999999885e-06
3.379999999999999826e-06
2.770000000000000161e-06
2.250000000000000057e-06
1.810000000000000035e-06
1.489999999999999922e-06
1.219999999999999966e-06
1.010000000000000071e-06
8.570000000000000110e-07
7.339999999999999816e-07
6.409999999999999826e-07
5.670000000000000347e-07
5.220000000000000420e-07
4.840000000000000459e-07
4.569999999999999761e-07
4.359999999999999866e-07
4.189999999999999800e-07
4.049999999999999870e-07
3.879999999999999803e-07
3.789999999999999924e-07
3.639999999999999772e-07
3.490000000000000149e-07
3.309999999999999861e-07
3.150000000000000016e-07
2.920000000000000207e-07
2.709999999999999782e-07
2.479999999999999972e-07
2.260000000000000120e-07
2.040000000000000003e-07
1.819999999999999886e-07
1.609999999999999991e-07
1.429999999999999967e-07
1.230000000000000029e-07
1.070000000000000052e-07
9.259999999999999539e-08
8.070000000000000132e-08
6.899999999999999582e-08
5.980000000000000608e-08
5.260000000000000117e-08
4.569999999999999894e-08
4.100000000000000317e-08
3.650000000000000258e-08
3.319999999999999950e-08
3.089999999999999876e-08
2.860000000000000133e-08
2.729999999999999961e-08
2.569999999999999852e-08
2.490000000000000128e-08
2.410000000000000074e-08
2.309999999999999840e-08
2.270000000000000143e-08
2.199999999999999848e-08
2.179999999999999999e-08
2.139999999999999972e-08
2.089999999999999855e-08
2.080000000000000096e-08
2.050000000000000159e-08
2.019999999999999890e-08
1.979999999999999863e-08
1.970000000000000104e-08
1.949999999999999925e-08
1.919999999999999987e-08
1.890000000000000049e-08
1.850000000000000022e-08
1.809999999999999995e-08
1.769999999999999968e-08
1.719999999999999851e-08
1.659999999999999975e-08
1.600000000000000100e-08
1.539999999999999893e-08
1.469999999999999928e-08
1.399999999999999963e-08
1.339999999999999922e-08
1.269999999999999957e-08
1.210000000000000082e-08
1.159999999999999965e-08
1.110000000000000013e-08
1.069999999999999986e-08
1.040000000000000048e-08
1.009999999999999945e-08
9.920000000000000485e-09
9.819999999999999590e-09
9.889999999999999555e-09
9.829999999999999349e-09
9.899999999999999314e-09
1.009999999999999945e-08
1.009999999999999945e-08
1.020000000000000035e-08
1.040000000000000048e-08
1.029999999999999959e-08
1.040000000000000048e-08
1.020000000000000035e-08
1.009999999999999945e-08
9.749999999999999625e-09
9.520000000000000212e-09
9.040000000000000216e-09
8.669999999999999219e-09
8.159999999999999946e-09
7.530000000000000260e-09
7.010000000000000401e-09
6.389999999999999647e-09
5.720000000000000100e-09
5.170000000000000138e-09
4.569999999999999728e-09
3.970000000000000146e-09
3.469999999999999805e-09
2.969999999999999877e-09
2.519999999999999983e-09
2.120000000000000124e-09
1.759999999999999919e-09
1.430000000000000025e-09
1.180000000000000061e-09
9.449999999999999420e-10
7.519999999999999881e-10
5.920000000000000236e-10
4.610000000000000107e-10
3.550000000000000149e-10
2.709999999999999948e-10
2.039999999999999935e-10
1.519999999999999921e-10
1.120000000000000010e-10
8.210000000000000600e-11
5.980000000000000288e-11
4.229999999999999868e-11
2.990000000000000144e-11
2.090000000000000021e-11
1.450000000000000001e-11
9.989999999999999236e-12
6.689999999999999968e-12
4.489999999999999649e-12
2.970000000000000067e-12
1.969999999999999886e-12
1.260000000000000084e-12
8.099999999999999817e-13
5.180000000000000142e-13
3.219999999999999911e-13
2.019999999999999976e-13
1.230000000000000060e-13
7.530000000000000479e-14
4.480000000000000222e-14
2.690000000000000087e-14
1.560000000000000105e-14
9.180000000000000074e-15
5.230000000000000182e-15
2.999999999999999839e-15
1.690000000000000048e-15
9.289999999999999101e-16
5.170000000000000193e-16
2.809999999999999808e-16
1.499999999999999969e-16
8.069999999999999738e-17
4.250000000000000034e-17
2.200000000000000003e-17
1.129999999999999996e-17
2.319999999999999981e-18
0.000000000000000000e+00
0.000000000000000000e+00
0.000000000000000000e+00
0.000000000000000000e+00
0.000000000000000000e+00
0.000000000000000000e+00
0.000000000000000000e+00
0.000000000000000000e+00
0.000000000000000000e+00
0.000000000000000000e+00
0.000000000000000000e+00
0.000000000000000000e+00
0.000000000000000000e+00
0.000000000000000000e+00
0.000000000000000000e+00
0.000000000000000000e+00
0.000000000000000000e+00
0.000000000000000000e+00
0.000000000000000000e+00
0.000000000000000000e+00
0.000000000000000000e+00
0.000000000000000000e+00
0.000000000000000000e+00
0.000000000000000000e+00
0.000000000000000000e+00
0.000000000000000000e+00
0.000000000000000000e+00
0.000000000000000000e+00
0.000000000000000000e+00
0.000000000000000000e+00
0.000000000000000000e+00
0.000000000000000000e+00
0.000000000000000000e+00
0.000000000000000000e+00
0.000000000000000000e+00
0.000000000000000000e+00
0.000000000000000000e+00
0.000000000000000000e+00
0.000000000000000000e+00
0.000000000000000000e+00
0.000000000000000000e+00
0.000000000000000000e+00
0.000000000000000000e+00
0.000000000000000000e+00
0.000000000000000000e+00
0.000000000000000000e+00
0.000000000000000000e+00
0.000000000000000000e+00
0.000000000000000000e+00
0.000000000000000000e+00
0.000000000000000000e+00
0.000000000000000000e+00
0.000000000000000000e+00
0.000000000000000000e+00
0.000000000000000000e+00
0.000000000000000000e+00
0.000000000000000000e+00
0.000000000000000000e+00
0.000000000000000000e+00
0.000000000000000000e+00
0.000000000000000000e+00
0.000000000000000000e+00
0.000000000000000000e+00
0.000000000000000000e+00
0.000000000000000000e+00
0.000000000000000000e+00
0.000000000000000000e+00
0.000000000000000000e+00
0.000000000000000000e+00
0.000000000000000000e+00
0.000000000000000000e+00
0.000000000000000000e+00
0.000000000000000000e+00
0.000000000000000000e+00
0.000000000000000000e+00
0.000000000000000000e+00
0.000000000000000000e+00
0.000000000000000000e+00
0.000000000000000000e+00
0.000000000000000000e+00
0.000000000000000000e+00
0.000000000000000000e+00
0.000000000000000000e+00
0.000000000000000000e+00
0.000000000000000000e+00
0.000000000000000000e+00
0.000000000000000000e+00
0.000000000000000000e+00
0.000000000000000000e+00
0.000000000000000000e+00
0.000000000000000000e+00
0.000000000000000000e+00
0.000000000000000000e+00
0.000000000000000000e+00
0.000000000000000000e+00
0.000000000000000000e+00
0.000000000000000000e+00
0.000000000000000000e+00
0.000000000000000000e+00
0.000000000000000000e+00
0.000000000000000000e+00
0.000000000000000000e+00
0.000000000000000000e+00
0.000000000000000000e+00
0.000000000000000000e+00
0.000000000000000000e+00
0.000000000000000000e+00
0.000000000000000000e+00
0.000000000000000000e+00
0.000000000000000000e+00
0.000000000000000000e+00
0.000000000000000000e+00
0.000000000000000000e+00
0.000000000000000000e+00
0.000000000000000000e+00
0.000000000000000000e+00
0.000000000000000000e+00
0.000000000000000000e+00
0.000000000000000000e+00
0.000000000000000000e+00
0.000000000000000000e+00
0.000000000000000000e+00
0.000000000000000000e+00
0.000000000000000000e+00
0.000000000000000000e+00
0.000000000000000000e+00
0.000000000000000000e+00
0.000000000000000000e+00
0.000000000000000000e+00
0.000000000000000000e+00
0.000000000000000000e+00
0.000000000000000000e+00
0.000000000000000000e+00
0.000000000000000000e+00
0.000000000000000000e+00
0.000000000000000000e+00
0.000000000000000000e+00
0.000000000000000000e+00
0.000000000000000000e+00
0.000000000000000000e+00
0.000000000000000000e+00
0.000000000000000000e+00
0.000000000000000000e+00
0.000000000000000000e+00
0.000000000000000000e+00
0.000000000000000000e+00
0.000000000000000000e+00
0.000000000000000000e+00
0.000000000000000000e+00
0.000000000000000000e+00
0.000000000000000000e+00
0.000000000000000000e+00
0.000000000000000000e+00
0.000000000000000000e+00
0.000000000000000000e+00
0.000000000000000000e+00
0.000000000000000000e+00
0.000000000000000000e+00
0.000000000000000000e+00
0.000000000000000000e+00
0.000000000000000000e+00
0.000000000000000000e+00
0.000000000000000000e+00
0.000000000000000000e+00
0.000000000000000000e+00
0.000000000000000000e+00
0.000000000000000000e+00
0.000000000000000000e+00
0.000000000000000000e+00
0.000000000000000000e+00
0.000000000000000000e+00
0.000000000000000000e+00
0.000000000000000000e+00
0.000000000000000000e+00
0.000000000000000000e+00
0.000000000000000000e+00
0.000000000000000000e+00
0.000000000000000000e+00
0.000000000000000000e+00
0.000000000000000000e+00
0.000000000000000000e+00
0.000000000000000000e+00
0.000000000000000000e+00
0.000000000000000000e+00
0.000000000000000000e+00
0.000000000000000000e+00
0.000000000000000000e+00
0.000000000000000000e+00
0.000000000000000000e+00
0.000000000000000000e+00
0.000000000000000000e+00
0.000000000000000000e+00
0.000000000000000000e+00
0.000000000000000000e+00
0.000000000000000000e+00
0.000000000000000000e+00
0.000000000000000000e+00
0.000000000000000000e+00
0.000000000000000000e+00
0.000000000000000000e+00
0.000000000000000000e+00
0.000000000000000000e+00
0.000000000000000000e+00
0.000000000000000000e+00
0.000000000000000000e+00
0.000000000000000000e+00
0.000000000000000000e+00
0.000000000000000000e+00
0.000000000000000000e+00
0.000000000000000000e+00
0.000000000000000000e+00
0.000000000000000000e+00
0.000000000000000000e+00
0.000000000000000000e+00
0.000000000000000000e+00
0.000000000000000000e+00
0.000000000000000000e+00
0.000000000000000000e+00
0.000000000000000000e+00
0.000000000000000000e+00
0.000000000000000000e+00
0.000000000000000000e+00
0.000000000000000000e+00
0.000000000000000000e+00
0.000000000000000000e+00
0.000000000000000000e+00
0.000000000000000000e+00
0.000000000000000000e+00
0.000000000000000000e+00
0.000000000000000000e+00
0.000000000000000000e+00
0.000000000000000000e+00
0.000000000000000000e+00
0.000000000000000000e+00
0.000000000000000000e+00
0.000000000000000000e+00
0.000000000000000000e+00
0.000000000000000000e+00
0.000000000000000000e+00
0.000000000000000000e+00
0.000000000000000000e+00
0.000000000000000000e+00
0.000000000000000000e+00
0.000000000000000000e+00
0.000000000000000000e+00
0.000000000000000000e+00
0.000000000000000000e+00
0.000000000000000000e+00
0.000000000000000000e+00
0.000000000000000000e+00
0.000000000000000000e+00
0.000000000000000000e+00
0.000000000000000000e+00
0.000000000000000000e+00
0.000000000000000000e+00
0.000000000000000000e+00
0.000000000000000000e+00
0.000000000000000000e+00
0.000000000000000000e+00
0.000000000000000000e+00
0.000000000000000000e+00
0.000000000000000000e+00
0.000000000000000000e+00
0.000000000000000000e+00
0.000000000000000000e+00
0.000000000000000000e+00
0.000000000000000000e+00
0.000000000000000000e+00
0.000000000000000000e+00
0.000000000000000000e+00
0.000000000000000000e+00
0.000000000000000000e+00
0.000000000000000000e+00
0.000000000000000000e+00
0.000000000000000000e+00
0.000000000000000000e+00
0.000000000000000000e+00
0.000000000000000000e+00
0.000000000000000000e+00
0.000000000000000000e+00
0.000000000000000000e+00
0.000000000000000000e+00
0.000000000000000000e+00
0.000000000000000000e+00
0.000000000000000000e+00
0.000000000000000000e+00
0.000000000000000000e+00
0.000000000000000000e+00
0.000000000000000000e+00
0.000000000000000000e+00
0.000000000000000000e+00
0.000000000000000000e+00
0.000000000000000000e+00
0.000000000000000000e+00
0.000000000000000000e+00
0.000000000000000000e+00
0.000000000000000000e+00
0.000000000000000000e+00
0.000000000000000000e+00
0.000000000000000000e+00
0.000000000000000000e+00
0.000000000000000000e+00
0.000000000000000000e+00
0.000000000000000000e+00
0.000000000000000000e+00
0.000000000000000000e+00
0.000000000000000000e+00
0.000000000000000000e+00
0.000000000000000000e+00
0.000000000000000000e+00
0.000000000000000000e+00
0.000000000000000000e+00
0.000000000000000000e+00
0.000000000000000000e+00
0.000000000000000000e+00
0.000000000000000000e+00
0.000000000000000000e+00
0.000000000000000000e+00
0.000000000000000000e+00
0.000000000000000000e+00
0.000000000000000000e+00
0.000000000000000000e+00
0.000000000000000000e+00
0.000000000000000000e+00
0.000000000000000000e+00
0.000000000000000000e+00
0.000000000000000000e+00
0.000000000000000000e+00
0.000000000000000000e+00
0.000000000000000000e+00
0.000000000000000000e+00
0.000000000000000000e+00
0.000000000000000000e+00
0.000000000000000000e+00
0.000000000000000000e+00
0.000000000000000000e+00
0.000000000000000000e+00
0.000000000000000000e+00
0.000000000000000000e+00
0.000000000000000000e+00
0.000000000000000000e+00
0.000000000000000000e+00
0.000000000000000000e+00
0.000000000000000000e+00
0.000000000000000000e+00
0.000000000000000000e+00
0.000000000000000000e+00
0.000000000000000000e+00
0.000000000000000000e+00
0.000000000000000000e+00
0.000000000000000000e+00
0.000000000000000000e+00
0.000000000000000000e+00
0.000000000000000000e+00
0.000000000000000000e+00
0.000000000000000000e+00
0.000000000000000000e+00
0.000000000000000000e+00
0.000000000000000000e+00
0.000000000000000000e+00
0.000000000000000000e+00
0.000000000000000000e+00
0.000000000000000000e+00
0.000000000000000000e+00
0.000000000000000000e+00
0.000000000000000000e+00
0.000000000000000000e+00
0.000000000000000000e+00
0.000000000000000000e+00
0.000000000000000000e+00
0.000000000000000000e+00
0.000000000000000000e+00
0.000000000000000000e+00
0.000000000000000000e+00
0.000000000000000000e+00
0.000000000000000000e+00
0.000000000000000000e+00
0.000000000000000000e+00
0.000000000000000000e+00
0.000000000000000000e+00
0.000000000000000000e+00
0.000000000000000000e+00
0.000000000000000000e+00
0.000000000000000000e+00
0.000000000000000000e+00
0.000000000000000000e+00
0.000000000000000000e+00
0.000000000000000000e+00
0.000000000000000000e+00
0.000000000000000000e+00
0.000000000000000000e+00
0.000000000000000000e+00
0.000000000000000000e+00
0.000000000000000000e+00
0.000000000000000000e+00
0.000000000000000000e+00
0.000000000000000000e+00
0.000000000000000000e+00
0.000000000000000000e+00
0.000000000000000000e+00
