1 	 0.000000e+00 
2 	 0.000000e+00 
3 	 0.000000e+00 
4 	 0.000000e+00 
5 	 0.000000e+00 
6 	 0.000000e+00 
7 	 3.496746e-04 
8 	 1.883620e-04 
9 	 3.077120e-04 
10 	 1.088525e-03 
11 	 3.431362e-03 
12 	 7.199352e-03 
13 	 9.666023e-03 
14 	 8.553011e-03 
15 	 5.398215e-03 
16 	 2.711895e-03 
17 	 1.158098e-03 
18 	 4.346086e-04 
19 	 1.792713e-04 
20 	 1.164901e-04 
21 	 1.054450e-04 
22 	 1.034429e-04 
23 	 1.035065e-04 
24 	 1.068984e-04 
25 	 1.168510e-04 
26 	 1.360642e-04 
27 	 1.631481e-04 
28 	 1.901369e-04 
29 	 2.055975e-04 
30 	 2.037892e-04 
31 	 1.937895e-04 
32 	 2.030532e-04 
33 	 2.763754e-04 
34 	 4.704195e-04 
35 	 8.340458e-04 
36 	 1.366293e-03 
37 	 1.972273e-03 
38 	 2.467124e-03 
39 	 2.658501e-03 
40 	 2.463688e-03 
41 	 1.965515e-03 
42 	 1.356008e-03 
43 	 8.186912e-04 
44 	 4.457000e-04 
45 	 2.345871e-04 
46 	 1.352706e-04 
47 	 9.572431e-05 
48 	 8.198852e-05 
49 	 7.770589e-05 
50 	 7.678792e-05 
51 	 7.732098e-05 
52 	 7.849538e-05 
53 	 7.967425e-05 
54 	 8.040418e-05 
55 	 8.055356e-05 
56 	 8.025001e-05 
57 	 7.967055e-05 
58 	 7.887132e-05 
59 	 7.776115e-05 
60 	 7.619565e-05 
61 	 7.410796e-05 
62 	 7.159573e-05 
63 	 6.891827e-05 
64 	 6.641472e-05 
65 	 6.441940e-05 
66 	 6.328643e-05 
67 	 6.360041e-05 
68 	 6.654162e-05 
69 	 7.422526e-05 
70 	 8.970532e-05 
71 	 1.163106e-04 
72 	 1.561774e-04 
73 	 2.083160e-04 
74 	 2.671320e-04 
75 	 3.225816e-04 
76 	 3.626158e-04 
77 	 3.772976e-04 
78 	 3.627200e-04 
79 	 3.226263e-04 
80 	 2.668166e-04 
81 	 2.072538e-04 
82 	 1.539652e-04 
83 	 1.126069e-04 
84 	 8.430205e-05 
85 	 6.708682e-05 
86 	 5.778994e-05 
87 	 5.344200e-05 
88 	 5.191222e-05 
89 	 5.192966e-05 
90 	 5.280980e-05 
91 	 5.415384e-05 
92 	 5.566141e-05 
93 	 5.708839e-05 
94 	 5.831706e-05 
95 	 5.948466e-05 
96 	 6.112598e-05 
97 	 6.430894e-05 
98 	 7.075100e-05 
99 	 8.287974e-05 
100 	 1.037468e-04 
101 	 1.366585e-04 
102 	 1.844107e-04 
103 	 2.481528e-04 
104 	 3.261386e-04 
105 	 4.128517e-04 
106 	 4.990607e-04 
107 	 5.731503e-04 
108 	 6.235928e-04 
109 	 6.418754e-04 
110 	 6.248632e-04 
111 	 5.756905e-04 
112 	 5.028256e-04 
113 	 4.176846e-04 
114 	 3.317144e-04 
115 	 2.539621e-04 
116 	 1.898032e-04 
117 	 1.409442e-04 
118 	 1.063375e-04 
119 	 8.344387e-05 
120 	 6.935274e-05 
121 	 6.149981e-05 
122 	 5.795489e-05 
123 	 5.739779e-05 
124 	 5.893978e-05 
125 	 6.192021e-05 
126 	 6.575612e-05 
127 	 6.987595e-05 
128 	 7.373448e-05 
129 	 7.688324e-05 
130 	 7.905651e-05 
131 	 8.022978e-05 
132 	 8.061739e-05 
133 	 8.059846e-05 
134 	 8.058815e-05 
135 	 8.089393e-05 
136 	 8.160522e-05 
137 	 8.255439e-05 
138 	 8.336250e-05 
139 	 8.355384e-05 
140 	 8.270039e-05 
141 	 8.054929e-05 
142 	 7.709518e-05 
143 	 7.258029e-05 
144 	 6.742959e-05 
145 	 6.214718e-05 
146 	 5.720759e-05 
147 	 5.297108e-05 
148 	 4.963928e-05 
149 	 4.725278e-05 
150 	 4.572082e-05 
151 	 4.486800e-05 
152 	 4.448346e-05 
153 	 4.436209e-05 
154 	 4.433275e-05 
155 	 4.427272e-05 
156 	 4.411042e-05 
157 	 4.381963e-05 
158 	 4.340880e-05 
159 	 4.290852e-05 
160 	 4.235977e-05 
161 	 4.180455e-05 
162 	 4.127985e-05 
163 	 4.081487e-05 
164 	 4.043092e-05 
165 	 4.014292e-05 
166 	 3.996155e-05 
167 	 3.989490e-05 
168 	 3.994921e-05 
169 	 4.012812e-05 
170 	 4.043089e-05 
171 	 4.084983e-05 
172 	 4.136792e-05 
173 	 4.195734e-05 
174 	 4.257972e-05 
175 	 4.318836e-05 
176 	 4.373232e-05 
177 	 4.416160e-05 
178 	 4.443261e-05 
179 	 4.451260e-05 
180 	 4.438257e-05 
181 	 4.403806e-05 
182 	 4.348824e-05 
183 	 4.275365e-05 
184 	 4.186351e-05 
185 	 4.085293e-05 
186 	 3.976054e-05 
187 	 3.862631e-05 
188 	 3.748971e-05 
189 	 3.638775e-05 
190 	 3.535320e-05 
191 	 3.441290e-05 
192 	 3.358658e-05 
193 	 3.288637e-05 
194 	 3.231709e-05 
195 	 3.187744e-05 
196 	 3.156154e-05 
197 	 3.136090e-05 
198 	 3.126617e-05 
199 	 3.126858e-05 
200 	 3.136093e-05 
201 	 3.153800e-05 
202 	 3.179641e-05 
203 	 3.213405e-05 
204 	 3.254905e-05 
205 	 3.303841e-05 
206 	 3.359643e-05 
207 	 3.421309e-05 
208 	 3.487273e-05 
209 	 3.555329e-05 
210 	 3.622645e-05 
211 	 3.685894e-05 
212 	 3.741505e-05 
213 	 3.786012e-05 
214 	 3.816455e-05 
215 	 3.830765e-05 
216 	 3.828068e-05 
217 	 3.808833e-05 
218 	 3.774850e-05 
219 	 3.729018e-05 
220 	 3.675008e-05 
221 	 3.616860e-05 
222 	 3.558609e-05 
223 	 3.504020e-05 
224 	 3.456499e-05 
225 	 3.419183e-05 
226 	 3.395207e-05 
227 	 3.388072e-05 
228 	 3.402026e-05 
229 	 3.442353e-05 
230 	 3.515456e-05 
231 	 3.628653e-05 
232 	 3.789622e-05 
233 	 4.005480e-05 
234 	 4.281562e-05 
235 	 4.620012e-05 
236 	 5.018375e-05 
237 	 5.468440e-05 
238 	 5.955588e-05 
239 	 6.458887e-05 
240 	 6.952088e-05 
241 	 7.405529e-05 
242 	 7.788808e-05 
243 	 8.073906e-05 
244 	 8.238339e-05 
245 	 8.267825e-05 
246 	 8.158066e-05 
247 	 7.915305e-05 
248 	 7.555593e-05 
249 	 7.102874e-05 
250 	 6.586220e-05 
251 	 6.036680e-05 
252 	 5.484212e-05 
253 	 4.955141e-05 
254 	 4.470419e-05 
255 	 4.044800e-05 
256 	 3.686885e-05 
257 	 3.399838e-05 
258 	 3.182510e-05 
259 	 3.030708e-05 
260 	 2.938370e-05 
261 	 2.898477e-05 
262 	 2.903660e-05 
263 	 2.946473e-05 
264 	 3.019433e-05 
265 	 3.114918e-05 
266 	 3.225040e-05 
267 	 3.341593e-05 
268 	 3.456148e-05 
269 	 3.560312e-05 
270 	 3.646153e-05 
271 	 3.706712e-05 
272 	 3.736541e-05 
273 	 3.732170e-05 
274 	 3.692412e-05 
275 	 3.618463e-05 
276 	 3.513756e-05 
277 	 3.383607e-05 
278 	 3.234695e-05 
279 	 3.074451e-05 
280 	 2.910461e-05 
281 	 2.749953e-05 
282 	 2.599435e-05 
283 	 2.464507e-05 
284 	 2.349862e-05 
285 	 2.259416e-05 
286 	 2.196534e-05 
287 	 2.164264e-05 
288 	 2.165511e-05 
289 	 2.203101e-05 
290 	 2.279668e-05 
291 	 2.397374e-05 
292 	 2.557462e-05 
293 	 2.759708e-05 
294 	 3.001829e-05 
295 	 3.278973e-05 
296 	 3.583379e-05 
297 	 3.904316e-05 
298 	 4.228367e-05 
299 	 4.540088e-05 
300 	 4.823006e-05 
301 	 5.060881e-05 
302 	 5.239084e-05 
303 	 5.345934e-05 
304 	 5.373805e-05 
305 	 5.319868e-05 
306 	 5.186353e-05 
307 	 4.980300e-05 
308 	 4.712830e-05 
309 	 4.398050e-05 
310 	 4.051724e-05 
311 	 3.689904e-05 
312 	 3.327674e-05 
313 	 2.978139e-05 
314 	 2.651760e-05 
315 	 2.356050e-05 
316 	 2.095621e-05 
317 	 1.872508e-05 
318 	 1.686694e-05 
319 	 1.536733e-05 
320 	 1.420384e-05 
321 	 1.335184e-05 
322 	 1.278919e-05 
323 	 1.249959e-05 
324 	 1.247447e-05 
325 	 1.271363e-05 
326 	 1.322461e-05 
327 	 1.402104e-05 
328 	 1.512021e-05 
329 	 1.654000e-05 
330 	 1.829547e-05 
331 	 2.039528e-05 
332 	 2.283823e-05 
333 	 2.561037e-05 
334 	 2.868263e-05 
335 	 3.200964e-05 
336 	 3.552958e-05 
337 	 3.916534e-05 
338 	 4.282697e-05 
339 	 4.641511e-05 
340 	 4.982538e-05 
341 	 5.295319e-05 
342 	 5.569879e-05 
343 	 5.797206e-05 
344 	 5.969692e-05 
345 	 6.081490e-05 
346 	 6.128795e-05 
347 	 6.110017e-05 
348 	 6.025857e-05 
349 	 5.879273e-05 
350 	 5.675339e-05 
351 	 5.421007e-05 
352 	 5.124770e-05 
353 	 4.796243e-05 
354 	 4.445697e-05 
355 	 4.083546e-05 
356 	 3.719845e-05 
357 	 3.363824e-05 
358 	 3.023494e-05 
359 	 2.705357e-05 
360 	 2.414226e-05 
361 	 2.153181e-05 
362 	 1.923641e-05 
363 	 1.725534e-05 
364 	 1.557545e-05 
365 	 1.417412e-05 
366 	 1.302224e-05 
367 	 1.208716e-05 
368 	 1.133515e-05 
369 	 1.073343e-05 
370 	 1.025158e-05 
371 	 9.862418e-06 
372 	 9.542369e-06 
373 	 9.271473e-06 
374 	 9.033121e-06 
375 	 8.813668e-06 
376 	 8.602002e-06 
377 	 8.389166e-06 
378 	 8.168067e-06 
379 	 7.933290e-06 
380 	 7.681011e-06 
381 	 7.408976e-06 
382 	 7.116516e-06 
383 	 6.804542e-06 
384 	 6.475506e-06 
385 	 6.133285e-06 
386 	 5.782988e-06 
387 	 5.430698e-06 
388 	 5.083141e-06 
389 	 4.747329e-06 
390 	 4.430190e-06 
391 	 4.138215e-06 
392 	 3.877136e-06 
393 	 3.651653e-06 
394 	 3.465221e-06 
395 	 3.319884e-06 
396 	 3.216168e-06 
397 	 3.153032e-06 
398 	 3.127862e-06 
399 	 3.136534e-06 
400 	 3.173529e-06 
401 	 3.232124e-06 
402 	 3.304656e-06 
403 	 3.382847e-06 
404 	 3.458210e-06 
405 	 3.522490e-06 
406 	 3.568131e-06 
407 	 3.588737e-06 
408 	 3.579497e-06 
409 	 3.537527e-06 
410 	 3.462125e-06 
411 	 3.354912e-06 
412 	 3.219857e-06 
413 	 3.063199e-06 
414 	 2.893288e-06 
415 	 2.720377e-06 
416 	 2.556386e-06 
417 	 2.414689e-06 
418 	 2.309912e-06 
419 	 2.257778e-06 
420 	 2.274964e-06 
421 	 2.378952e-06 
422 	 2.587825e-06 
423 	 2.919955e-06 
424 	 3.393536e-06 
425 	 4.025891e-06 
426 	 4.832565e-06 
427 	 5.826162e-06 
428 	 7.014993e-06 
429 	 8.401604e-06 
430 	 9.981292e-06 
431 	 1.174077e-05 
432 	 1.365713e-05 
433 	 1.569733e-05 
434 	 1.781825e-05 
435 	 1.996755e-05 
436 	 2.208536e-05 
437 	 2.410660e-05 
438 	 2.596417e-05 
439 	 2.759243e-05 
440 	 2.893100e-05 
441 	 2.992845e-05 
442 	 3.054554e-05 
443 	 3.075782e-05 
444 	 3.055726e-05 
445 	 2.995275e-05 
446 	 2.896948e-05 
447 	 2.764725e-05 
448 	 2.603776e-05 
449 	 2.420133e-05 
450 	 2.220308e-05 
451 	 2.010922e-05 
452 	 1.798340e-05 
453 	 1.588367e-05 
454 	 1.386012e-05 
455 	 1.195327e-05 
456 	 1.019330e-05 
457 	 8.600114e-06 
458 	 7.183978e-06 
459 	 5.946703e-06 
460 	 4.883145e-06 
461 	 3.982865e-06 
462 	 3.231773e-06 
463 	 2.613652e-06 
464 	 2.111462e-06 
465 	 1.708380e-06 
466 	 1.388561e-06 
467 	 1.137624e-06 
468 	 9.429117e-07 
469 	 7.935556e-07 
470 	 6.804083e-07 
471 	 5.958826e-07 
472 	 5.337443e-07 
473 	 4.888928e-07 
474 	 4.571533e-07 
475 	 4.350960e-07 
476 	 4.198898e-07 
477 	 4.091924e-07 
478 	 4.010717e-07 
479 	 3.939543e-07 
480 	 3.865913e-07 
481 	 3.780361e-07 
482 	 3.676265e-07 
483 	 3.549659e-07 
484 	 3.399008e-07 
485 	 3.224921e-07 
486 	 3.029808e-07 
487 	 2.817488e-07 
488 	 2.592767e-07 
489 	 2.361009e-07 
490 	 2.127728e-07 
491 	 1.898234e-07 
492 	 1.677320e-07 
493 	 1.469047e-07 
494 	 1.276592e-07 
495 	 1.102182e-07 
496 	 9.470990e-08 
497 	 8.117418e-08 
498 	 6.957373e-08 
499 	 5.980795e-08 
500 	 5.172857e-08 
