1 	 0.000000e+00 
2 	 0.000000e+00 
3 	 0.000000e+00 
4 	 0.000000e+00 
5 	 0.000000e+00 
6 	 0.000000e+00 
7 	 3.148567e-06 
8 	 3.142970e-06 
9 	 3.139126e-06 
10 	 3.143901e-06 
11 	 3.168381e-06 
12 	 3.203825e-06 
13 	 3.229073e-06 
14 	 3.233903e-06 
15 	 3.224966e-06 
16 	 3.212296e-06 
17 	 3.199924e-06 
18 	 3.187823e-06 
19 	 3.176380e-06 
20 	 3.166929e-06 
21 	 3.159806e-06 
22 	 3.153399e-06 
23 	 3.145586e-06 
24 	 3.135897e-06 
25 	 3.125914e-06 
26 	 3.117727e-06 
27 	 3.112218e-06 
28 	 3.108523e-06 
29 	 3.104896e-06 
30 	 3.100137e-06 
31 	 3.094243e-06 
32 	 3.087899e-06 
33 	 3.081663e-06 
34 	 3.075722e-06 
35 	 3.070123e-06 
36 	 3.064925e-06 
37 	 3.060098e-06 
38 	 3.055506e-06 
39 	 3.051119e-06 
40 	 3.047115e-06 
41 	 3.043569e-06 
42 	 3.039893e-06 
43 	 3.034467e-06 
44 	 3.024739e-06 
45 	 3.007948e-06 
46 	 2.982790e-06 
47 	 2.951999e-06 
48 	 2.924259e-06 
49 	 2.912365e-06 
50 	 2.926230e-06 
51 	 2.964556e-06 
52 	 3.012762e-06 
53 	 3.050813e-06 
54 	 3.065378e-06 
55 	 3.056379e-06 
56 	 3.033699e-06 
57 	 3.008804e-06 
58 	 2.988631e-06 
59 	 2.974703e-06 
60 	 2.965482e-06 
61 	 2.958906e-06 
62 	 2.953669e-06 
63 	 2.949386e-06 
64 	 2.946243e-06 
65 	 2.944535e-06 
66 	 2.944309e-06 
67 	 2.945204e-06 
68 	 2.946540e-06 
69 	 2.947574e-06 
70 	 2.947786e-06 
71 	 2.947046e-06 
72 	 2.945579e-06 
73 	 2.943796e-06 
74 	 2.942076e-06 
75 	 2.940615e-06 
76 	 2.939392e-06 
77 	 2.938224e-06 
78 	 2.936892e-06 
79 	 2.935236e-06 
80 	 2.933205e-06 
81 	 2.930845e-06 
82 	 2.928245e-06 
83 	 2.925490e-06 
84 	 2.922651e-06 
85 	 2.919803e-06 
86 	 2.917064e-06 
87 	 2.914595e-06 
88 	 2.912577e-06 
89 	 2.911148e-06 
90 	 2.910352e-06 
91 	 2.910126e-06 
92 	 2.910328e-06 
93 	 2.910799e-06 
94 	 2.911401e-06 
95 	 2.912035e-06 
96 	 2.912607e-06 
97 	 2.912986e-06 
98 	 2.912961e-06 
99 	 2.912235e-06 
100 	 2.910446e-06 
101 	 2.907214e-06 
102 	 2.902204e-06 
103 	 2.895185e-06 
104 	 2.886081e-06 
105 	 2.874993e-06 
106 	 2.862205e-06 
107 	 2.848162e-06 
108 	 2.833412e-06 
109 	 2.818541e-06 
110 	 2.804088e-06 
111 	 2.790481e-06 
112 	 2.777987e-06 
113 	 2.766708e-06 
114 	 2.756604e-06 
115 	 2.747551e-06 
116 	 2.739407e-06 
117 	 2.732069e-06 
118 	 2.725509e-06 
119 	 2.719795e-06 
120 	 2.715094e-06 
121 	 2.711689e-06 
122 	 2.710037e-06 
123 	 2.710896e-06 
124 	 2.715511e-06 
125 	 2.725868e-06 
126 	 2.744907e-06 
127 	 2.776624e-06 
128 	 2.825873e-06 
129 	 2.897754e-06 
130 	 2.996514e-06 
131 	 3.124049e-06 
132 	 3.278309e-06 
133 	 3.452082e-06 
134 	 3.632716e-06 
135 	 3.803168e-06 
136 	 3.944461e-06 
137 	 4.039105e-06 
138 	 4.074684e-06 
139 	 4.046568e-06 
140 	 3.958970e-06 
141 	 3.824016e-06 
142 	 3.659136e-06 
143 	 3.483591e-06 
144 	 3.315137e-06 
145 	 3.167679e-06 
146 	 3.050319e-06 
147 	 2.967765e-06 
148 	 2.921626e-06 
149 	 2.911995e-06 
150 	 2.938732e-06 
151 	 3.002049e-06 
152 	 3.102253e-06 
153 	 3.238746e-06 
154 	 3.408603e-06 
155 	 3.605192e-06 
156 	 3.817344e-06 
157 	 4.029485e-06 
158 	 4.222962e-06 
159 	 4.378441e-06 
160 	 4.478937e-06 
161 	 4.512794e-06 
162 	 4.475859e-06 
163 	 4.372275e-06 
164 	 4.213690e-06 
165 	 4.017067e-06 
166 	 3.801682e-06 
167 	 3.586029e-06 
168 	 3.385322e-06 
169 	 3.210005e-06 
170 	 3.065402e-06 
171 	 2.952312e-06 
172 	 2.868191e-06 
173 	 2.808530e-06 
174 	 2.768099e-06 
175 	 2.741864e-06 
176 	 2.725533e-06 
177 	 2.715768e-06 
178 	 2.710161e-06 
179 	 2.707082e-06 
180 	 2.705492e-06 
181 	 2.704752e-06 
182 	 2.704481e-06 
183 	 2.704455e-06 
184 	 2.704540e-06 
185 	 2.704654e-06 
186 	 2.704750e-06 
187 	 2.704804e-06 
188 	 2.704814e-06 
189 	 2.704789e-06 
190 	 2.704752e-06 
191 	 2.704733e-06 
192 	 2.704762e-06 
193 	 2.704865e-06 
194 	 2.705062e-06 
195 	 2.705360e-06 
196 	 2.705755e-06 
197 	 2.706235e-06 
198 	 2.706782e-06 
199 	 2.707379e-06 
200 	 2.708013e-06 
201 	 2.708680e-06 
202 	 2.709389e-06 
203 	 2.710154e-06 
204 	 2.710996e-06 
205 	 2.711937e-06 
206 	 2.712994e-06 
207 	 2.714173e-06 
208 	 2.715473e-06 
209 	 2.716881e-06 
210 	 2.718378e-06 
211 	 2.719942e-06 
212 	 2.721554e-06 
213 	 2.723202e-06 
214 	 2.724885e-06 
215 	 2.726610e-06 
216 	 2.728394e-06 
217 	 2.730263e-06 
218 	 2.732239e-06 
219 	 2.734344e-06 
220 	 2.736594e-06 
221 	 2.738993e-06 
222 	 2.741537e-06 
223 	 2.744210e-06 
224 	 2.746990e-06 
225 	 2.749849e-06 
226 	 2.752758e-06 
227 	 2.755685e-06 
228 	 2.758601e-06 
229 	 2.761480e-06 
230 	 2.764294e-06 
231 	 2.767018e-06 
232 	 2.769630e-06 
233 	 2.772109e-06 
234 	 2.774437e-06 
235 	 2.776603e-06 
236 	 2.778605e-06 
237 	 2.780449e-06 
238 	 2.782152e-06 
239 	 2.783743e-06 
240 	 2.785256e-06 
241 	 2.786734e-06 
242 	 2.788220e-06 
243 	 2.789756e-06 
244 	 2.791382e-06 
245 	 2.793131e-06 
246 	 2.795029e-06 
247 	 2.797096e-06 
248 	 2.799348e-06 
249 	 2.801794e-06 
250 	 2.804441e-06 
251 	 2.807291e-06 
252 	 2.810345e-06 
253 	 2.813604e-06 
254 	 2.817064e-06 
255 	 2.820722e-06 
256 	 2.824573e-06 
257 	 2.828612e-06 
258 	 2.832832e-06 
259 	 2.837229e-06 
260 	 2.841801e-06 
261 	 2.846544e-06 
262 	 2.851459e-06 
263 	 2.856549e-06 
264 	 2.861816e-06 
265 	 2.867264e-06 
266 	 2.872897e-06 
267 	 2.878713e-06 
268 	 2.884713e-06 
269 	 2.890891e-06 
270 	 2.897240e-06 
271 	 2.903753e-06 
272 	 2.910425e-06 
273 	 2.917255e-06 
274 	 2.924254e-06 
275 	 2.931450e-06 
276 	 2.938894e-06 
277 	 2.946667e-06 
278 	 2.954892e-06 
279 	 2.963732e-06 
280 	 2.973405e-06 
281 	 2.984176e-06 
282 	 2.996361e-06 
283 	 3.010311e-06 
284 	 3.026393e-06 
285 	 3.044965e-06 
286 	 3.066336e-06 
287 	 3.090719e-06 
288 	 3.118188e-06 
289 	 3.148628e-06 
290 	 3.181697e-06 
291 	 3.216808e-06 
292 	 3.253125e-06 
293 	 3.289597e-06 
294 	 3.325009e-06 
295 	 3.358070e-06 
296 	 3.387514e-06 
297 	 3.412208e-06 
298 	 3.431260e-06 
299 	 3.444106e-06 
300 	 3.450564e-06 
301 	 3.450853e-06 
302 	 3.445572e-06 
303 	 3.435640e-06 
304 	 3.422205e-06 
305 	 3.406537e-06 
306 	 3.389922e-06 
307 	 3.373557e-06 
308 	 3.358471e-06 
309 	 3.345472e-06 
310 	 3.335123e-06 
311 	 3.327743e-06 
312 	 3.323433e-06 
313 	 3.322115e-06 
314 	 3.323579e-06 
315 	 3.327529e-06 
316 	 3.333632e-06 
317 	 3.341546e-06 
318 	 3.350954e-06 
319 	 3.361573e-06 
320 	 3.373167e-06 
321 	 3.385546e-06 
322 	 3.398566e-06 
323 	 3.412120e-06 
324 	 3.426133e-06 
325 	 3.440555e-06 
326 	 3.455353e-06 
327 	 3.470507e-06 
328 	 3.486002e-06 
329 	 3.501828e-06 
330 	 3.517975e-06 
331 	 3.534432e-06 
332 	 3.551186e-06 
333 	 3.568223e-06 
334 	 3.585527e-06 
335 	 3.603080e-06 
336 	 3.620865e-06 
337 	 3.638870e-06 
338 	 3.657081e-06 
339 	 3.675491e-06 
340 	 3.694099e-06 
341 	 3.712906e-06 
342 	 3.731922e-06 
343 	 3.751159e-06 
344 	 3.770635e-06 
345 	 3.790368e-06 
346 	 3.810380e-06 
347 	 3.830692e-06 
348 	 3.851323e-06 
349 	 3.872290e-06 
350 	 3.893605e-06 
351 	 3.915279e-06 
352 	 3.937315e-06 
353 	 3.959714e-06 
354 	 3.982473e-06 
355 	 4.005583e-06 
356 	 4.029035e-06 
357 	 4.052814e-06 
358 	 4.076904e-06 
359 	 4.101282e-06 
360 	 4.125924e-06 
361 	 4.150797e-06 
362 	 4.175859e-06 
363 	 4.201059e-06 
364 	 4.226326e-06 
365 	 4.251569e-06 
366 	 4.276665e-06 
367 	 4.301453e-06 
368 	 4.325721e-06 
369 	 4.349194e-06 
370 	 4.371519e-06 
371 	 4.392251e-06 
372 	 4.410838e-06 
373 	 4.426611e-06 
374 	 4.438773e-06 
375 	 4.446397e-06 
376 	 4.448436e-06 
377 	 4.443733e-06 
378 	 4.431053e-06 
379 	 4.409117e-06 
380 	 4.376656e-06 
381 	 4.332471e-06 
382 	 4.275497e-06 
383 	 4.204876e-06 
384 	 4.120023e-06 
385 	 4.020690e-06 
386 	 3.907009e-06 
387 	 3.779524e-06 
388 	 3.639198e-06 
389 	 3.487395e-06 
390 	 3.325839e-06 
391 	 3.156550e-06 
392 	 2.981765e-06 
393 	 2.803837e-06 
394 	 2.625137e-06 
395 	 2.447958e-06 
396 	 2.274417e-06 
397 	 2.106383e-06 
398 	 1.945419e-06 
399 	 1.792746e-06 
400 	 1.649229e-06 
401 	 1.515383e-06 
402 	 1.391402e-06 
403 	 1.277197e-06 
404 	 1.172448e-06 
405 	 1.076651e-06 
406 	 9.891834e-07 
407 	 9.093456e-07 
408 	 8.364116e-07 
409 	 7.696649e-07 
410 	 7.084271e-07 
411 	 6.520776e-07 
412 	 6.000663e-07 
413 	 5.519179e-07 
414 	 5.072318e-07 
415 	 4.656781e-07 
416 	 4.269898e-07 
417 	 3.909558e-07 
418 	 3.574119e-07 
419 	 3.262344e-07 
420 	 2.973348e-07 
421 	 2.706577e-07 
422 	 2.461827e-07 
423 	 2.239301e-07 
424 	 2.039729e-07 
425 	 1.864554e-07 
426 	 1.716201e-07 
427 	 1.598428e-07 
428 	 1.516805e-07 
429 	 1.479288e-07 
430 	 1.496928e-07 
431 	 1.584693e-07 
432 	 1.762383e-07 
433 	 2.055608e-07 
434 	 2.496749e-07 
435 	 3.125827e-07 
436 	 3.991143e-07 
437 	 5.149538e-07 
438 	 6.666108e-07 
439 	 8.613181e-07 
440 	 1.106839e-06 
441 	 1.411170e-06 
442 	 1.782130e-06 
443 	 2.226846e-06 
444 	 2.751129e-06 
445 	 3.358797e-06 
446 	 4.050960e-06 
447 	 4.825339e-06 
448 	 5.675678e-06 
449 	 6.591323e-06 
450 	 7.557034e-06 
451 	 8.553090e-06 
452 	 9.555720e-06 
453 	 1.053789e-05 
454 	 1.147038e-05 
455 	 1.232323e-05 
456 	 1.306721e-05 
457 	 1.367554e-05 
458 	 1.412545e-05 
459 	 1.439958e-05 
460 	 1.448713e-05 
461 	 1.438450e-05 
462 	 1.409561e-05 
463 	 1.363158e-05 
464 	 1.301004e-05 
465 	 1.225402e-05 
466 	 1.139053e-05 
467 	 1.044896e-05 
468 	 9.459402e-06 
469 	 8.451132e-06 
470 	 7.451183e-06 
471 	 6.483261e-06 
472 	 5.566970e-06 
473 	 4.717374e-06 
474 	 3.944910e-06 
475 	 3.255582e-06 
476 	 2.651395e-06 
477 	 2.130952e-06 
478 	 1.690154e-06 
479 	 1.322914e-06 
480 	 1.021856e-06 
481 	 7.789324e-07 
482 	 5.859519e-07 
483 	 4.349869e-07 
484 	 3.186708e-07 
485 	 2.303883e-07 
486 	 1.643732e-07 
487 	 1.157323e-07 
488 	 8.041417e-08 
489 	 5.514000e-08 
490 	 3.731304e-08 
491 	 2.491837e-08 
492 	 1.642304e-08 
493 	 1.068261e-08 
494 	 6.858305e-09 
495 	 4.346252e-09 
496 	 2.719212e-09 
497 	 1.680049e-09 
498 	 1.025548e-09 
499 	 6.190057e-10 
500 	 3.699452e-10 
