0.000000000000000000e+00
0.000000000000000000e+00
0.000000000000000000e+00
0.000000000000000000e+00
0.000000000000000000e+00
0.000000000000000000e+00
0.000000000000000000e+00
1.272964469999999916e-05
1.911607303000000045e-04
3.714285714285714348e-04
3.714285714285714348e-04
3.714285714285714348e-04
3.714285714285714348e-04
3.714285714285714890e-04
3.714285714285717600e-04
3.714285714285727358e-04
3.714285714285792410e-04
3.714285714294583663e-04
3.714285715711259143e-04
3.714285847545680994e-04
3.714292821807958171e-04
3.714501916038158782e-04
3.718036450077739485e-04
3.751395604393799907e-04
3.923686721132888877e-04
4.388167566029648717e-04
4.951100456472663433e-04
5.008903131581136274e-04
4.487133833320157590e-04
3.977411218494374535e-04
3.765377419486662185e-04
3.719944468250282067e-04
3.714645381933209703e-04
3.714304175714796858e-04
3.714298958220018623e-04
3.714315024462245748e-04
3.714350075171236258e-04
3.714423184139611445e-04
3.714571295302124070e-04
3.714862729764410666e-04
3.715419632826000881e-04
3.716452981761734055e-04
3.718314548858720099e-04
3.721569927029189507e-04
3.727094916206705362e-04
3.736193464806302129e-04
3.750728348833972281e-04
3.773245786873590532e-04
3.807063182623621807e-04
3.856277522550677936e-04
3.925644510497523754e-04
4.020280219567461209e-04
4.145152675292508799e-04
4.304363171453262464e-04
4.500265031543885597e-04
4.732524127074131271e-04
4.997278161674298044e-04
5.286584168169016244e-04
5.588339880721374629e-04
5.886814580654139116e-04
6.163829666098964623e-04
6.400503259849589423e-04
6.579343534489697377e-04
6.686375087307252184e-04
6.712941410102116592e-04
6.656861154134083997e-04
6.522723922504920346e-04
6.321269945966825725e-04
6.067969958833222552e-04
5.490672672602973144e-04
5.376056120687725372e-04
5.263434385053384571e-04
5.152807465699946405e-04
5.044175362627416294e-04
4.937538075835788817e-04
4.832895605325070480e-04
4.730247951095255862e-04
4.629595113146343878e-04
4.530937091478339949e-04
4.434273886091239739e-04
4.339605496985048127e-04
4.246931924159754270e-04
4.156253167615373348e-04
4.067569227351891807e-04
3.980880103369323201e-04
3.896185795667651808e-04
3.813486304246889555e-04
3.732781629107033189e-04
3.654071770248080542e-04
3.577356727670032697e-04
3.502636501372892908e-04
3.429911091356652500e-04
3.359180497621323401e-04
3.290444720166898021e-04
3.223703758993378527e-04
3.158957614100759499e-04
3.096206285489052864e-04
3.035449773158243984e-04
2.976688077108345328e-04
2.919921197339348765e-04
2.865149133851262967e-04
2.812371886644077093e-04
2.761589455717799275e-04
2.712801841072423549e-04
2.666009042707958047e-04
2.742247661526995466e-04
2.593121122093019495e-04
2.450424468264786521e-04
2.314157700042304407e-04
2.184320817425564748e-04
2.060913820414576219e-04
1.943936709009338548e-04
1.833389483209843605e-04
1.729272143016091117e-04
1.631584688428089759e-04
1.540327119445839530e-04
1.455499436069323355e-04
1.377101638298558039e-04
1.301714324176623031e-04
1.257547165844855454e-04
1.215345699592607016e-04
1.175109925419863082e-04
1.136839843326631919e-04
1.100535453312917727e-04
1.066196755378712104e-04
1.033823749524019386e-04
1.003416435748839439e-04
9.749748140531765996e-05
9.484988844370181274e-05
9.239886469003766268e-05
9.014441014432478965e-05
8.808652480656278707e-05
8.622520867675204797e-05
8.456046175489303313e-05
8.309228404098486164e-05
8.182067553502798073e-05
8.074563623702237685e-05
7.986716614696806355e-05
7.918526526486460715e-05
7.869993359071284791e-05
7.841117112451236569e-05
7.831897786626275393e-05
7.842335381596483932e-05
7.872429897361778162e-05
7.922181333922201450e-05
7.991589691277752440e-05
8.080654969428431133e-05
8.189377168374237530e-05
8.317756288115172984e-05
8.465792328651194128e-05
8.633485289982386344e-05
8.820835172108664249e-05
9.027841975030111870e-05
9.254505698746645181e-05
9.500826343258307550e-05
8.414812751200000400e-05
1.132824647599999933e-04
1.555850728400000045e-04
2.149722543999999956e-04
2.953257935099999859e-04
3.998018325900000122e-04
5.299497667399999867e-04
6.847754075200000474e-04
8.599561394899999994e-04
1.047454746849999993e-03
1.249431478400000019e-03
1.412474350599999921e-03
1.558952688899999930e-03
1.663339099500000043e-03
1.715206459599999921e-03
1.726572810199999974e-03
1.644777783600000036e-03
1.529853425599999976e-03
1.388509349499999915e-03
1.193071917499999995e-03
1.002214029920000041e-03
8.221043651799999968e-04
6.397397230999999707e-04
4.928882040500000153e-04
3.617929792899999978e-04
2.647723919600000254e-04
1.866228326199999949e-04
1.333921828799999887e-04
9.411697882399999379e-05
6.960118982599999794e-05
5.274294675799999819e-05
4.327414644700000004e-05
3.697167418399999742e-05
3.399592042099999864e-05
3.215577334699999711e-05
3.088018498300000320e-05
3.072024975200000283e-05
3.049225567399999935e-05
3.039271750899999859e-05
3.004602215200000156e-05
3.034826996299999833e-05
3.035458815899999980e-05
3.036765507099999998e-05
3.038435424000000002e-05
3.040337283000000006e-05
3.011359181699999941e-05
3.044613136499999993e-05
3.046950178799999869e-05
3.049376783599999996e-05
3.051866622900000246e-05
3.054397529300000187e-05
3.056953909799999691e-05
3.059528790399999843e-05
3.062126679500000269e-05
3.064759693499999901e-05
3.098758012499999937e-05
3.070224447300000213e-05
3.073062482199999894e-05
3.075994912999999848e-05
3.079025958400000141e-05
3.082155686600000321e-05
3.116882102999999905e-05
3.088736692899999903e-05
3.092154354100000061e-05
3.127282052399999677e-05
3.099349581199999689e-05
3.103121631399999829e-05
3.138773762699999703e-05
3.111195401300000124e-05
3.115500442500000099e-05
3.151884369699999841e-05
3.124834546299999974e-05
3.161823561499999837e-05
3.135227995199999808e-05
3.172951149800000257e-05
3.146961987000000135e-05
3.185669289000000223e-05
3.160591163800000015e-05
3.200730284399999989e-05
3.177074354299999983e-05
3.219317718699999818e-05
3.230452166400000282e-05
3.210209486400000220e-05
3.257068813499999955e-05
3.272926797899999764e-05
3.290473066600000285e-05
3.276056333000000251e-05
3.329798524999999661e-05
3.351116773800000162e-05
3.372800521500000128e-05
3.394198734800000242e-05
3.380009304899999814e-05
3.433100146999999838e-05
3.449439215399999973e-05
3.462891537600000302e-05
3.473121157000000071e-05
3.480015626999999757e-05
3.483695392200000156e-05
3.484502707600000050e-05
3.482960755799999821e-05
3.479717892899999960e-05
3.475481867499999723e-05
3.470953547400000257e-05
3.501770140399999891e-05
3.463435535399999704e-05
3.461416349900000124e-05
3.460934516400000245e-05
3.462120733499999815e-05
3.464996255600000041e-05
3.504573900799999808e-05
3.475579261200000176e-05
3.482962331399999819e-05
3.526856541099999720e-05
3.501256264899999866e-05
3.511765911000000017e-05
3.558677095000000107e-05
3.535059193499999751e-05
3.547512278300000294e-05
3.596455057600000320e-05
3.573861154199999837e-05
3.623805379200000301e-05
3.601560850200000180e-05
3.652330008999999820e-05
3.630279323500000262e-05
3.681782699499999733e-05
3.659857660799999872e-05
3.712083182999999920e-05
3.727644186700000060e-05
3.705935841300000196e-05
3.759355834199999853e-05
3.775706156799999753e-05
3.754352301999999984e-05
3.809160435999999768e-05
3.826461659399999767e-05
3.844101093200000203e-05
3.823370657100000315e-05
3.880216985499999801e-05
3.898870945000000181e-05
3.917856409000000125e-05
3.937168699499999730e-05
3.956804714499999900e-05
3.976763868999999720e-05
3.997048624499999870e-05
4.017665154500000267e-05
3.998131630500000310e-05
4.059718312999999944e-05
4.122315142500000229e-05
4.103663175000000129e-05
4.126105450499999746e-05
4.148943128499999773e-05
4.172179090999999780e-05
4.195809889000000321e-05
4.219827968000000303e-05
4.244220590999999961e-05
4.268970630999999996e-05
4.337127061400000130e-05
4.319720817399999720e-05
4.345428534600000338e-05
4.371415581799999774e-05
4.441773941799999874e-05
4.424419727000000285e-05
4.451130253999999799e-05
4.522942451499999941e-05
4.505325225099999912e-05
4.577867820900000188e-05
4.559687552500000135e-05
4.586446528999999693e-05
4.658959069000000272e-05
4.638355934000000291e-05
4.709177881199999843e-05
4.684829745599999927e-05
4.751475425500000264e-05
4.767734610699999801e-05
4.731895579099999901e-05
4.784744857899999964e-05
4.735620340999999677e-05
4.772380081999999784e-05
4.751302288699999778e-05
4.671680263599999950e-05
4.672057605599999993e-05
4.610666309299999837e-05
4.533308929799999878e-05
4.395800426999999785e-05
4.329275094999999671e-05
4.201382920799999921e-05
4.057221738599999943e-05
3.897971965400000088e-05
3.725316744700000207e-05
3.541389807500000146e-05
3.348685924999999971e-05
3.119757246599999827e-05
2.950087676600000053e-05
2.747939354000000141e-05
2.548253663300000061e-05
2.353544848499999960e-05
2.186531458799999966e-05
1.985654290199999867e-05
1.817419663000000111e-05
1.660363959000000125e-05
1.514952114300000053e-05
1.381264051800000034e-05
1.259052318299999991e-05
1.158657144600000013e-05
1.045890096020000060e-05
9.544636191999999211e-06
8.716041928400000840e-06
8.039610312400000507e-06
7.274332277199999776e-06
6.651835234600000137e-06
6.140168950200000056e-06
5.555586689999999586e-06
5.075798678199999975e-06
4.677309029400000004e-06
4.221353315400000396e-06
3.880808965800000157e-06
3.493370592599999947e-06
3.203032182600000165e-06
2.876356805500000174e-06
2.632866842699999909e-06
2.363695454000000155e-06
2.168378067300000033e-06
1.959025826499999829e-06
1.820377869300000063e-06
1.698597173700000037e-06
1.605718792599999937e-06
1.599268207500000009e-06
1.646556146900000026e-06
1.765502029299999934e-06
2.034907562100000179e-06
2.438691365099999820e-06
3.037000398299999864e-06
3.883602664199999616e-06
4.987026338499999631e-06
6.574001588700000218e-06
8.591645083800000801e-06
1.117727126499999996e-05
1.443047589899999923e-05
1.845151256100000127e-05
2.333510615000000007e-05
2.916280400999999878e-05
3.599426468700000061e-05
4.385781262300000188e-05
5.274115788000000303e-05
6.258299924399999463e-05
7.326657744100000403e-05
8.461616076900000511e-05
9.639729010800000635e-05
1.094419259479999945e-04
1.201682205400000046e-04
1.313408210100000019e-04
1.415788068899999981e-04
1.505130275099999886e-04
1.593803978499999966e-04
1.632059110499999878e-04
1.663935459299999955e-04
1.672961006699999974e-04
1.674851791700000033e-04
1.621388218200000035e-04
1.578103770400000059e-04
1.485234882599999911e-04
1.392223770599999931e-04
1.298979119200000096e-04
1.171906894799999976e-04
1.062962929940000064e-04
9.322494378599999513e-05
8.220186049199999583e-05
7.008301414800000484e-05
6.007324713599999759e-05
5.023121446800000067e-05
4.104343433099999836e-05
3.371720300299999880e-05
2.678142416699999919e-05
2.138712568599999912e-05
1.665552204899999902e-05
1.278689125439999962e-05
9.596692628099999755e-06
7.241557375299999914e-06
5.327109561200000205e-06
3.863202059399999955e-06
2.761838664600000061e-06
1.930717600800000062e-06
1.357199984109999985e-06
9.296831087899999910e-07
6.277933628800000039e-07
4.179150026200000075e-07
2.742504865200000115e-07
1.774163369599999909e-07
1.131424686299999966e-07
7.112832792000000003e-08
4.408023239500000053e-08
2.692959629999999897e-08
1.621820360419999840e-08
9.628736921799999519e-09
5.635671527500000279e-09
3.252151436999999953e-09
1.864103850999999933e-09
1.033185339659999972e-09
5.729911273400000164e-10
3.148276269299999895e-10
1.725441009000000048e-10
9.646981663499999713e-11
5.530938540499999806e-11
3.543980652200000316e-11
2.681045126799999887e-11
2.374375661300000025e-11
2.430099996599999941e-11
2.704309487099999853e-11
3.041050161599999973e-11
3.508552229000000218e-11
3.946661524400000321e-11
4.493505071999999741e-11
4.967583284400000020e-11
5.530752142500000061e-11
5.966541122099999590e-11
6.482408772599999896e-11
6.824231741799999466e-11
7.235084065599999969e-11
7.505762563000000210e-11
7.616515573999999762e-11
7.783733781199999392e-11
7.782273126799999362e-11
7.612242006500000024e-11
7.498756035099999655e-11
7.225629576299999652e-11
6.877028332599999671e-11
6.404912567199999814e-11
6.007594264099999998e-11
5.510505906399999968e-11
4.992519240799999916e-11
4.467709604500000024e-11
3.948996644200000265e-11
3.447665101700000177e-11
2.946631713599999839e-11
2.536380325000000009e-11
2.134167292799999945e-11
1.773719357800000103e-11
1.456074038000000088e-11
1.190805596189999936e-11
9.435260402099999282e-12
7.463188104999999380e-12
5.830887378200000006e-12
4.499703078000000369e-12
3.429818231400000005e-12
2.582232693900000131e-12
1.920241605999999829e-12
1.421977644150000006e-12
1.020028811599999996e-12
7.308436921199999665e-13
5.172140658800000310e-13
3.644157354299999943e-13
2.487046648199999931e-13
1.695827456000000059e-13
1.151019708300000095e-13
7.567612489200000324e-14
5.009923414500000061e-14
3.213057119100000187e-14
2.059469553960000095e-14
1.313891084940000047e-14
8.121260978000000527e-15
5.054130662999999987e-15
3.046756497999999833e-15
1.849439576999999852e-15
1.095219371550000046e-15
6.358054007600000457e-16
3.717423901499999935e-16
2.104545785100000022e-16
1.200113948700000092e-16
6.672825066999999944e-17
3.637734779200000305e-17
1.997890044499999966e-17
1.069590108450000040e-17
5.654231769899999934e-18
2.931473368599999844e-18
1.531320859199999981e-18
7.796146568499999739e-19
3.919868106000000056e-19
1.946586610499999883e-19
8.569453750000000361e-20
2.013414479999999862e-20
0.000000000000000000e+00
0.000000000000000000e+00
0.000000000000000000e+00
0.000000000000000000e+00
0.000000000000000000e+00
0.000000000000000000e+00
0.000000000000000000e+00
0.000000000000000000e+00
0.000000000000000000e+00
0.000000000000000000e+00
0.000000000000000000e+00
0.000000000000000000e+00
0.000000000000000000e+00
0.000000000000000000e+00
0.000000000000000000e+00
0.000000000000000000e+00
0.000000000000000000e+00
0.000000000000000000e+00
0.000000000000000000e+00
0.000000000000000000e+00
0.000000000000000000e+00
0.000000000000000000e+00
0.000000000000000000e+00
0.000000000000000000e+00
0.000000000000000000e+00
0.000000000000000000e+00
0.000000000000000000e+00
0.000000000000000000e+00
0.000000000000000000e+00
0.000000000000000000e+00
0.000000000000000000e+00
0.000000000000000000e+00
0.000000000000000000e+00
0.000000000000000000e+00
0.000000000000000000e+00
0.000000000000000000e+00
0.000000000000000000e+00
0.000000000000000000e+00
0.000000000000000000e+00
0.000000000000000000e+00
0.000000000000000000e+00
0.000000000000000000e+00
0.000000000000000000e+00
0.000000000000000000e+00
0.000000000000000000e+00
0.000000000000000000e+00
0.000000000000000000e+00
0.000000000000000000e+00
0.000000000000000000e+00
0.000000000000000000e+00
0.000000000000000000e+00
0.000000000000000000e+00
0.000000000000000000e+00
0.000000000000000000e+00
0.000000000000000000e+00
0.000000000000000000e+00
0.000000000000000000e+00
0.000000000000000000e+00
0.000000000000000000e+00
0.000000000000000000e+00
0.000000000000000000e+00
0.000000000000000000e+00
0.000000000000000000e+00
0.000000000000000000e+00
0.000000000000000000e+00
0.000000000000000000e+00
0.000000000000000000e+00
0.000000000000000000e+00
0.000000000000000000e+00
0.000000000000000000e+00
0.000000000000000000e+00
0.000000000000000000e+00
0.000000000000000000e+00
0.000000000000000000e+00
0.000000000000000000e+00
0.000000000000000000e+00
0.000000000000000000e+00
0.000000000000000000e+00
0.000000000000000000e+00
0.000000000000000000e+00
0.000000000000000000e+00
0.000000000000000000e+00
0.000000000000000000e+00
0.000000000000000000e+00
0.000000000000000000e+00
0.000000000000000000e+00
0.000000000000000000e+00
0.000000000000000000e+00
0.000000000000000000e+00
0.000000000000000000e+00
0.000000000000000000e+00
0.000000000000000000e+00
0.000000000000000000e+00
0.000000000000000000e+00
0.000000000000000000e+00
0.000000000000000000e+00
0.000000000000000000e+00
0.000000000000000000e+00
0.000000000000000000e+00
0.000000000000000000e+00
0.000000000000000000e+00
0.000000000000000000e+00
0.000000000000000000e+00
0.000000000000000000e+00
0.000000000000000000e+00
0.000000000000000000e+00
0.000000000000000000e+00
0.000000000000000000e+00
0.000000000000000000e+00
0.000000000000000000e+00
0.000000000000000000e+00
0.000000000000000000e+00
0.000000000000000000e+00
0.000000000000000000e+00
0.000000000000000000e+00
0.000000000000000000e+00
0.000000000000000000e+00
0.000000000000000000e+00
0.000000000000000000e+00
0.000000000000000000e+00
0.000000000000000000e+00
0.000000000000000000e+00
0.000000000000000000e+00
0.000000000000000000e+00
0.000000000000000000e+00
0.000000000000000000e+00
0.000000000000000000e+00
0.000000000000000000e+00
0.000000000000000000e+00
0.000000000000000000e+00
0.000000000000000000e+00
0.000000000000000000e+00
0.000000000000000000e+00
0.000000000000000000e+00
0.000000000000000000e+00
0.000000000000000000e+00
0.000000000000000000e+00
0.000000000000000000e+00
0.000000000000000000e+00
0.000000000000000000e+00
0.000000000000000000e+00
0.000000000000000000e+00
0.000000000000000000e+00
0.000000000000000000e+00
0.000000000000000000e+00
0.000000000000000000e+00
0.000000000000000000e+00
0.000000000000000000e+00
0.000000000000000000e+00
0.000000000000000000e+00
0.000000000000000000e+00
0.000000000000000000e+00
0.000000000000000000e+00
0.000000000000000000e+00
0.000000000000000000e+00
0.000000000000000000e+00
0.000000000000000000e+00
0.000000000000000000e+00
0.000000000000000000e+00
0.000000000000000000e+00
0.000000000000000000e+00
0.000000000000000000e+00
0.000000000000000000e+00
0.000000000000000000e+00
0.000000000000000000e+00
0.000000000000000000e+00
0.000000000000000000e+00
0.000000000000000000e+00
0.000000000000000000e+00
0.000000000000000000e+00
0.000000000000000000e+00
0.000000000000000000e+00
0.000000000000000000e+00
0.000000000000000000e+00
0.000000000000000000e+00
0.000000000000000000e+00
0.000000000000000000e+00
0.000000000000000000e+00
0.000000000000000000e+00
0.000000000000000000e+00
0.000000000000000000e+00
0.000000000000000000e+00
0.000000000000000000e+00
0.000000000000000000e+00
0.000000000000000000e+00
0.000000000000000000e+00
0.000000000000000000e+00
0.000000000000000000e+00
0.000000000000000000e+00
0.000000000000000000e+00
0.000000000000000000e+00
0.000000000000000000e+00
0.000000000000000000e+00
0.000000000000000000e+00
0.000000000000000000e+00
0.000000000000000000e+00
0.000000000000000000e+00
0.000000000000000000e+00
0.000000000000000000e+00
0.000000000000000000e+00
0.000000000000000000e+00
0.000000000000000000e+00
0.000000000000000000e+00
0.000000000000000000e+00
0.000000000000000000e+00
0.000000000000000000e+00
0.000000000000000000e+00
0.000000000000000000e+00
0.000000000000000000e+00
0.000000000000000000e+00
0.000000000000000000e+00
0.000000000000000000e+00
0.000000000000000000e+00
0.000000000000000000e+00
0.000000000000000000e+00
0.000000000000000000e+00
0.000000000000000000e+00
0.000000000000000000e+00
0.000000000000000000e+00
0.000000000000000000e+00
0.000000000000000000e+00
0.000000000000000000e+00
0.000000000000000000e+00
0.000000000000000000e+00
0.000000000000000000e+00
0.000000000000000000e+00
0.000000000000000000e+00
0.000000000000000000e+00
0.000000000000000000e+00
0.000000000000000000e+00
0.000000000000000000e+00
0.000000000000000000e+00
0.000000000000000000e+00
0.000000000000000000e+00
0.000000000000000000e+00
0.000000000000000000e+00
0.000000000000000000e+00
0.000000000000000000e+00
0.000000000000000000e+00
0.000000000000000000e+00
0.000000000000000000e+00
0.000000000000000000e+00
0.000000000000000000e+00
0.000000000000000000e+00
0.000000000000000000e+00
0.000000000000000000e+00
0.000000000000000000e+00
0.000000000000000000e+00
0.000000000000000000e+00
0.000000000000000000e+00
0.000000000000000000e+00
0.000000000000000000e+00
0.000000000000000000e+00
0.000000000000000000e+00
0.000000000000000000e+00
0.000000000000000000e+00
0.000000000000000000e+00
0.000000000000000000e+00
0.000000000000000000e+00
0.000000000000000000e+00
0.000000000000000000e+00
0.000000000000000000e+00
0.000000000000000000e+00
0.000000000000000000e+00
0.000000000000000000e+00
0.000000000000000000e+00
0.000000000000000000e+00
0.000000000000000000e+00
0.000000000000000000e+00
0.000000000000000000e+00
0.000000000000000000e+00
0.000000000000000000e+00
0.000000000000000000e+00
0.000000000000000000e+00
0.000000000000000000e+00
0.000000000000000000e+00
0.000000000000000000e+00
0.000000000000000000e+00
0.000000000000000000e+00
0.000000000000000000e+00
0.000000000000000000e+00
0.000000000000000000e+00
0.000000000000000000e+00
0.000000000000000000e+00
0.000000000000000000e+00
0.000000000000000000e+00
0.000000000000000000e+00
0.000000000000000000e+00
0.000000000000000000e+00
0.000000000000000000e+00
0.000000000000000000e+00
0.000000000000000000e+00
0.000000000000000000e+00
0.000000000000000000e+00
0.000000000000000000e+00
0.000000000000000000e+00
0.000000000000000000e+00
0.000000000000000000e+00
0.000000000000000000e+00
0.000000000000000000e+00
0.000000000000000000e+00
0.000000000000000000e+00
0.000000000000000000e+00
0.000000000000000000e+00
0.000000000000000000e+00
0.000000000000000000e+00
0.000000000000000000e+00
0.000000000000000000e+00
0.000000000000000000e+00
0.000000000000000000e+00
0.000000000000000000e+00
0.000000000000000000e+00
0.000000000000000000e+00
0.000000000000000000e+00
0.000000000000000000e+00
0.000000000000000000e+00
0.000000000000000000e+00
0.000000000000000000e+00
0.000000000000000000e+00
0.000000000000000000e+00
0.000000000000000000e+00
0.000000000000000000e+00
0.000000000000000000e+00
0.000000000000000000e+00
0.000000000000000000e+00
0.000000000000000000e+00
0.000000000000000000e+00
0.000000000000000000e+00
0.000000000000000000e+00
0.000000000000000000e+00
0.000000000000000000e+00
0.000000000000000000e+00
0.000000000000000000e+00
0.000000000000000000e+00
0.000000000000000000e+00
0.000000000000000000e+00
0.000000000000000000e+00
0.000000000000000000e+00
0.000000000000000000e+00
0.000000000000000000e+00
0.000000000000000000e+00
0.000000000000000000e+00
0.000000000000000000e+00
0.000000000000000000e+00
0.000000000000000000e+00
0.000000000000000000e+00
0.000000000000000000e+00
0.000000000000000000e+00
0.000000000000000000e+00
0.000000000000000000e+00
0.000000000000000000e+00
0.000000000000000000e+00
0.000000000000000000e+00
0.000000000000000000e+00
0.000000000000000000e+00
0.000000000000000000e+00
0.000000000000000000e+00
0.000000000000000000e+00
0.000000000000000000e+00
0.000000000000000000e+00
0.000000000000000000e+00
0.000000000000000000e+00
0.000000000000000000e+00
0.000000000000000000e+00
0.000000000000000000e+00
0.000000000000000000e+00
0.000000000000000000e+00
0.000000000000000000e+00
0.000000000000000000e+00
0.000000000000000000e+00
0.000000000000000000e+00
0.000000000000000000e+00
0.000000000000000000e+00
0.000000000000000000e+00
0.000000000000000000e+00
0.000000000000000000e+00
0.000000000000000000e+00
0.000000000000000000e+00
0.000000000000000000e+00
0.000000000000000000e+00
0.000000000000000000e+00
0.000000000000000000e+00
0.000000000000000000e+00
0.000000000000000000e+00
0.000000000000000000e+00
0.000000000000000000e+00
0.000000000000000000e+00
0.000000000000000000e+00
0.000000000000000000e+00
0.000000000000000000e+00
0.000000000000000000e+00
0.000000000000000000e+00
0.000000000000000000e+00
0.000000000000000000e+00
0.000000000000000000e+00
0.000000000000000000e+00
0.000000000000000000e+00
0.000000000000000000e+00
0.000000000000000000e+00
0.000000000000000000e+00
0.000000000000000000e+00
0.000000000000000000e+00
0.000000000000000000e+00
0.000000000000000000e+00
0.000000000000000000e+00
0.000000000000000000e+00
0.000000000000000000e+00
0.000000000000000000e+00
0.000000000000000000e+00
0.000000000000000000e+00
0.000000000000000000e+00
0.000000000000000000e+00
0.000000000000000000e+00
0.000000000000000000e+00
0.000000000000000000e+00
0.000000000000000000e+00
0.000000000000000000e+00
0.000000000000000000e+00
0.000000000000000000e+00
0.000000000000000000e+00
0.000000000000000000e+00
0.000000000000000000e+00
0.000000000000000000e+00
0.000000000000000000e+00
0.000000000000000000e+00
0.000000000000000000e+00
0.000000000000000000e+00
0.000000000000000000e+00
0.000000000000000000e+00
0.000000000000000000e+00
0.000000000000000000e+00
0.000000000000000000e+00
0.000000000000000000e+00
0.000000000000000000e+00
0.000000000000000000e+00
0.000000000000000000e+00
0.000000000000000000e+00
0.000000000000000000e+00
0.000000000000000000e+00
0.000000000000000000e+00
0.000000000000000000e+00
0.000000000000000000e+00
0.000000000000000000e+00
0.000000000000000000e+00
0.000000000000000000e+00
0.000000000000000000e+00
0.000000000000000000e+00
0.000000000000000000e+00
0.000000000000000000e+00
0.000000000000000000e+00
0.000000000000000000e+00
0.000000000000000000e+00
0.000000000000000000e+00
0.000000000000000000e+00
0.000000000000000000e+00
0.000000000000000000e+00
0.000000000000000000e+00
0.000000000000000000e+00
0.000000000000000000e+00
0.000000000000000000e+00
0.000000000000000000e+00
0.000000000000000000e+00
0.000000000000000000e+00
0.000000000000000000e+00
0.000000000000000000e+00
0.000000000000000000e+00
0.000000000000000000e+00
0.000000000000000000e+00
0.000000000000000000e+00
0.000000000000000000e+00
0.000000000000000000e+00
0.000000000000000000e+00
0.000000000000000000e+00
0.000000000000000000e+00
0.000000000000000000e+00
0.000000000000000000e+00
0.000000000000000000e+00
0.000000000000000000e+00
0.000000000000000000e+00
0.000000000000000000e+00
0.000000000000000000e+00
0.000000000000000000e+00
0.000000000000000000e+00
0.000000000000000000e+00
0.000000000000000000e+00
0.000000000000000000e+00
0.000000000000000000e+00
0.000000000000000000e+00
0.000000000000000000e+00
0.000000000000000000e+00
