1 	 0.000000e+00 
2 	 0.000000e+00 
3 	 0.000000e+00 
4 	 0.000000e+00 
5 	 0.000000e+00 
6 	 0.000000e+00 
7 	 2.736956e-04 
8 	 2.718274e-04 
9 	 2.702977e-04 
10 	 2.700022e-04 
11 	 2.710451e-04 
12 	 2.723853e-04 
13 	 2.727891e-04 
14 	 2.720074e-04 
15 	 2.705852e-04 
16 	 2.689870e-04 
17 	 2.673503e-04 
18 	 2.656717e-04 
19 	 2.639535e-04 
20 	 2.622235e-04 
21 	 2.605074e-04 
22 	 2.588162e-04 
23 	 2.571559e-04 
24 	 2.555320e-04 
25 	 2.539398e-04 
26 	 2.523627e-04 
27 	 2.507761e-04 
28 	 2.491567e-04 
29 	 2.474998e-04 
30 	 2.458313e-04 
31 	 2.441985e-04 
32 	 2.426392e-04 
33 	 2.411583e-04 
34 	 2.397275e-04 
35 	 2.383027e-04 
36 	 2.368443e-04 
37 	 2.353304e-04 
38 	 2.337621e-04 
39 	 2.321587e-04 
40 	 2.305469e-04 
41 	 2.289449e-04 
42 	 2.273419e-04 
43 	 2.256737e-04 
44 	 2.238055e-04 
45 	 2.215588e-04 
46 	 2.188269e-04 
47 	 2.157776e-04 
48 	 2.130107e-04 
49 	 2.114319e-04 
50 	 2.117428e-04 
51 	 2.138289e-04 
52 	 2.166030e-04 
53 	 2.185749e-04 
54 	 2.187462e-04 
55 	 2.171040e-04 
56 	 2.143928e-04 
57 	 2.114978e-04 
58 	 2.089800e-04 
59 	 2.069910e-04 
60 	 2.054362e-04 
61 	 2.041587e-04 
62 	 2.030366e-04 
63 	 2.020015e-04 
64 	 2.010219e-04 
65 	 2.000849e-04 
66 	 1.991844e-04 
67 	 1.983171e-04 
68 	 1.974849e-04 
69 	 1.967010e-04 
70 	 1.959986e-04 
71 	 1.954388e-04 
72 	 1.951149e-04 
73 	 1.951460e-04 
74 	 1.956500e-04 
75 	 1.966921e-04 
76 	 1.982210e-04 
77 	 2.000228e-04 
78 	 2.017321e-04 
79 	 2.029205e-04 
80 	 2.032390e-04 
81 	 2.025519e-04 
82 	 2.009920e-04 
83 	 1.989079e-04 
84 	 1.967324e-04 
85 	 1.948411e-04 
86 	 1.934638e-04 
87 	 1.926716e-04 
88 	 1.924215e-04 
89 	 1.926180e-04 
90 	 1.931629e-04 
91 	 1.939790e-04 
92 	 1.950133e-04 
93 	 1.962283e-04 
94 	 1.975890e-04 
95 	 1.990495e-04 
96 	 2.005381e-04 
97 	 2.019419e-04 
98 	 2.030902e-04 
99 	 2.037414e-04 
100 	 2.035811e-04 
101 	 2.022370e-04 
102 	 1.993171e-04 
103 	 1.944712e-04 
104 	 1.874659e-04 
105 	 1.782565e-04 
106 	 1.670333e-04 
107 	 1.542246e-04 
108 	 1.404478e-04 
109 	 1.264173e-04 
110 	 1.128323e-04 
111 	 1.002737e-04 
112 	 8.913554e-05 
113 	 7.960228e-05 
114 	 7.167081e-05 
115 	 6.520075e-05 
116 	 5.997504e-05 
117 	 5.575406e-05 
118 	 5.231401e-05 
119 	 4.946755e-05 
120 	 4.706981e-05 
121 	 4.501506e-05 
122 	 4.322900e-05 
123 	 4.166037e-05 
124 	 4.027381e-05 
125 	 3.904448e-05 
126 	 3.795455e-05 
127 	 3.699083e-05 
128 	 3.614333e-05 
129 	 3.540408e-05 
130 	 3.476625e-05 
131 	 3.422334e-05 
132 	 3.376882e-05 
133 	 3.339609e-05 
134 	 3.309930e-05 
135 	 3.287496e-05 
136 	 3.272456e-05 
137 	 3.265850e-05 
138 	 3.270171e-05 
139 	 3.290211e-05 
140 	 3.334389e-05 
141 	 3.416966e-05 
142 	 3.561746e-05 
143 	 3.808152e-05 
144 	 4.220641e-05 
145 	 4.902161e-05 
146 	 6.011357e-05 
147 	 7.781270e-05 
148 	 1.053444e-04 
149 	 1.468609e-04 
150 	 2.072475e-04 
151 	 2.916038e-04 
152 	 4.043461e-04 
153 	 5.479808e-04 
154 	 7.217359e-04 
155 	 9.203711e-04 
156 	 1.133568e-03 
157 	 1.346263e-03 
158 	 1.540107e-03 
159 	 1.695944e-03 
160 	 1.796895e-03 
161 	 1.831344e-03 
162 	 1.795132e-03 
163 	 1.692360e-03 
164 	 1.534606e-03 
165 	 1.338763e-03 
166 	 1.124046e-03 
167 	 9.089200e-04 
168 	 7.085964e-04 
169 	 5.335495e-04 
170 	 3.891520e-04 
171 	 2.762562e-04 
172 	 1.923648e-04 
173 	 1.329965e-04 
174 	 9.292426e-05 
175 	 6.709711e-05 
176 	 5.118865e-05 
177 	 4.181811e-05 
178 	 3.653806e-05 
179 	 3.369210e-05 
180 	 3.222585e-05 
181 	 3.150550e-05 
182 	 3.117016e-05 
183 	 3.102478e-05 
184 	 3.096917e-05 
185 	 3.095439e-05 
186 	 3.095775e-05 
187 	 3.096932e-05 
188 	 3.098503e-05 
189 	 3.100335e-05 
190 	 3.102370e-05 
191 	 3.104584e-05 
192 	 3.106951e-05 
193 	 3.109443e-05 
194 	 3.112023e-05 
195 	 3.114657e-05 
196 	 3.117315e-05 
197 	 3.119980e-05 
198 	 3.122650e-05 
199 	 3.125334e-05 
200 	 3.128056e-05 
201 	 3.130841e-05 
202 	 3.133715e-05 
203 	 3.136693e-05 
204 	 3.139785e-05 
205 	 3.142989e-05 
206 	 3.146297e-05 
207 	 3.149700e-05 
208 	 3.153192e-05 
209 	 3.156776e-05 
210 	 3.160465e-05 
211 	 3.164278e-05 
212 	 3.168242e-05 
213 	 3.172386e-05 
214 	 3.176734e-05 
215 	 3.181310e-05 
216 	 3.186129e-05 
217 	 3.191206e-05 
218 	 3.196556e-05 
219 	 3.202205e-05 
220 	 3.208193e-05 
221 	 3.214584e-05 
222 	 3.221474e-05 
223 	 3.228994e-05 
224 	 3.237317e-05 
225 	 3.246651e-05 
226 	 3.257233e-05 
227 	 3.269310e-05 
228 	 3.283116e-05 
229 	 3.298833e-05 
230 	 3.316553e-05 
231 	 3.336236e-05 
232 	 3.357672e-05 
233 	 3.380456e-05 
234 	 3.403992e-05 
235 	 3.427515e-05 
236 	 3.450145e-05 
237 	 3.470966e-05 
238 	 3.489121e-05 
239 	 3.503909e-05 
240 	 3.514866e-05 
241 	 3.521823e-05 
242 	 3.524929e-05 
243 	 3.524624e-05 
244 	 3.521589e-05 
245 	 3.516662e-05 
246 	 3.510739e-05 
247 	 3.504689e-05 
248 	 3.499270e-05 
249 	 3.495083e-05 
250 	 3.492545e-05 
251 	 3.491889e-05 
252 	 3.493193e-05 
253 	 3.496408e-05 
254 	 3.501400e-05 
255 	 3.507986e-05 
256 	 3.515967e-05 
257 	 3.525146e-05 
258 	 3.535345e-05 
259 	 3.546407e-05 
260 	 3.558197e-05 
261 	 3.570603e-05 
262 	 3.583529e-05 
263 	 3.596894e-05 
264 	 3.610629e-05 
265 	 3.624674e-05 
266 	 3.638984e-05 
267 	 3.653520e-05 
268 	 3.668260e-05 
269 	 3.683190e-05 
270 	 3.698310e-05 
271 	 3.713629e-05 
272 	 3.729166e-05 
273 	 3.744944e-05 
274 	 3.760989e-05 
275 	 3.777328e-05 
276 	 3.793983e-05 
277 	 3.810973e-05 
278 	 3.828310e-05 
279 	 3.845999e-05 
280 	 3.864039e-05 
281 	 3.882425e-05 
282 	 3.901149e-05 
283 	 3.920200e-05 
284 	 3.939571e-05 
285 	 3.959255e-05 
286 	 3.979252e-05 
287 	 3.999563e-05 
288 	 4.020198e-05 
289 	 4.041170e-05 
290 	 4.062493e-05 
291 	 4.084187e-05 
292 	 4.106268e-05 
293 	 4.128751e-05 
294 	 4.151646e-05 
295 	 4.174957e-05 
296 	 4.198680e-05 
297 	 4.222803e-05 
298 	 4.247309e-05 
299 	 4.272176e-05 
300 	 4.297378e-05 
301 	 4.322890e-05 
302 	 4.348689e-05 
303 	 4.374756e-05 
304 	 4.401079e-05 
305 	 4.427649e-05 
306 	 4.454459e-05 
307 	 4.481501e-05 
308 	 4.508754e-05 
309 	 4.536175e-05 
310 	 4.563688e-05 
311 	 4.591166e-05 
312 	 4.618409e-05 
313 	 4.645129e-05 
314 	 4.670921e-05 
315 	 4.695242e-05 
316 	 4.717387e-05 
317 	 4.736473e-05 
318 	 4.751423e-05 
319 	 4.760965e-05 
320 	 4.763643e-05 
321 	 4.757842e-05 
322 	 4.741835e-05 
323 	 4.713845e-05 
324 	 4.672136e-05 
325 	 4.615103e-05 
326 	 4.541388e-05 
327 	 4.449987e-05 
328 	 4.340353e-05 
329 	 4.212481e-05 
330 	 4.066964e-05 
331 	 3.905015e-05 
332 	 3.728445e-05 
333 	 3.539605e-05 
334 	 3.341281e-05 
335 	 3.136564e-05 
336 	 2.928696e-05 
337 	 2.720909e-05 
338 	 2.516272e-05 
339 	 2.317546e-05 
340 	 2.127082e-05 
341 	 1.946743e-05 
342 	 1.777868e-05 
343 	 1.621273e-05 
344 	 1.477290e-05 
345 	 1.345818e-05 
346 	 1.226410e-05 
347 	 1.118352e-05 
348 	 1.020752e-05 
349 	 9.326216e-06 
350 	 8.529429e-06 
351 	 7.807261e-06 
352 	 7.150490e-06 
353 	 6.550837e-06 
354 	 6.001100e-06 
355 	 5.495185e-06 
356 	 5.028065e-06 
357 	 4.595676e-06 
358 	 4.194789e-06 
359 	 3.822875e-06 
360 	 3.477969e-06 
361 	 3.158555e-06 
362 	 2.863481e-06 
363 	 2.591902e-06 
364 	 2.343276e-06 
365 	 2.117407e-06 
366 	 1.914554e-06 
367 	 1.735619e-06 
368 	 1.582438e-06 
369 	 1.458189e-06 
370 	 1.367955e-06 
371 	 1.319460e-06 
372 	 1.324003e-06 
373 	 1.397618e-06 
374 	 1.562433e-06 
375 	 1.848216e-06 
376 	 2.294022e-06 
377 	 2.949830e-06 
378 	 3.877963e-06 
379 	 5.154062e-06 
380 	 6.867290e-06 
381 	 9.119430e-06 
382 	 1.202250e-05 
383 	 1.569461e-05 
384 	 2.025376e-05 
385 	 2.580965e-05 
386 	 3.245356e-05 
387 	 4.024688e-05 
388 	 4.920894e-05 
389 	 5.930531e-05 
390 	 7.043779e-05 
391 	 8.243752e-05 
392 	 9.506244e-05 
393 	 1.080004e-04 
394 	 1.208782e-04 
395 	 1.332775e-04 
396 	 1.447554e-04 
397 	 1.548703e-04 
398 	 1.632093e-04 
399 	 1.694167e-04 
400 	 1.732181e-04 
401 	 1.744413e-04 
402 	 1.730290e-04 
403 	 1.690427e-04 
404 	 1.626590e-04 
405 	 1.541558e-04 
406 	 1.438927e-04 
407 	 1.322855e-04 
408 	 1.197781e-04 
409 	 1.068152e-04 
410 	 9.381598e-05 
411 	 8.115354e-05 
412 	 6.913909e-05 
413 	 5.801287e-05 
414 	 4.794116e-05 
415 	 3.901893e-05 
416 	 3.127694e-05 
417 	 2.469190e-05 
418 	 1.919843e-05 
419 	 1.470136e-05 
420 	 1.108739e-05 
421 	 8.235323e-06 
422 	 6.024370e-06 
423 	 4.340321e-06 
424 	 3.079720e-06 
425 	 2.152185e-06 
426 	 1.481245e-06 
427 	 1.004044e-06 
428 	 6.702822e-07 
429 	 4.406982e-07 
430 	 2.853670e-07 
431 	 1.819891e-07 
432 	 1.143052e-07 
433 	 7.070763e-08 
434 	 4.307711e-08 
435 	 2.584684e-08 
436 	 1.527393e-08 
437 	 8.889537e-09 
438 	 5.095645e-09 
439 	 2.876912e-09 
440 	 1.599926e-09 
441 	 8.766334e-10 
442 	 4.735162e-10 
443 	 2.525263e-10 
444 	 1.334840e-10 
445 	 7.063005e-11 
446 	 3.830819e-11 
447 	 2.238711e-11 
448 	 1.522521e-11 
449 	 1.276869e-11 
450 	 1.291046e-11 
451 	 1.457825e-11 
452 	 1.723639e-11 
453 	 2.061754e-11 
454 	 2.449323e-11 
455 	 2.899491e-11 
456 	 3.388163e-11 
457 	 3.908147e-11 
458 	 4.449799e-11 
459 	 5.001178e-11 
460 	 5.548385e-11 
461 	 6.076076e-11 
462 	 6.568135e-11 
463 	 7.008473e-11 
464 	 7.381886e-11 
465 	 7.674921e-11 
466 	 7.876682e-11 
467 	 7.979499e-11 
468 	 7.979414e-11 
469 	 7.876432e-11 
470 	 7.674521e-11 
471 	 7.381362e-11 
472 	 7.007857e-11 
473 	 6.567462e-11 
474 	 6.075383e-11 
475 	 5.547709e-11 
476 	 5.000548e-11 
477 	 4.449238e-11 
478 	 3.907670e-11 
479 	 3.387774e-11 
480 	 2.899181e-11 
481 	 2.449067e-11 
482 	 2.042165e-11 
483 	 1.680914e-11 
484 	 1.365731e-11 
485 	 1.095342e-11 
486 	 8.671596e-12 
487 	 6.776627e-12 
488 	 5.227491e-12 
489 	 3.980506e-12 
490 	 2.991911e-12 
491 	 2.219855e-12 
492 	 1.625795e-12 
493 	 1.175365e-12 
494 	 8.387750e-13 
495 	 5.908591e-13 
496 	 4.108546e-13 
497 	 2.820060e-13 
498 	 1.910709e-13 
499 	 1.277899e-13 
500 	 8.436552e-14 
