0.000000000000000000e+00
0.000000000000000000e+00
0.000000000000000000e+00
0.000000000000000000e+00
0.000000000000000000e+00
0.000000000000000000e+00
0.000000000000000000e+00
3.959031390000000280e-06
6.118049251000000756e-05
1.220605312300000056e-04
3.052512132300000446e-04
7.178401031399997672e-04
1.173770268499999773e-03
1.241253249199999716e-03
8.621185124799999938e-04
4.101128020800000394e-04
1.670151438899999984e-04
9.186118919499999206e-05
7.662952598300000798e-05
7.425959318400000202e-05
7.452849359399999830e-05
7.344796502000001633e-05
7.320309416399999926e-05
7.297487925500000818e-05
7.274416423500000984e-05
7.250298955700001306e-05
7.302096165100003058e-05
7.200193851200001186e-05
7.175910048999999016e-05
7.151937970999999185e-05
7.203040001500000554e-05
7.101226161099999747e-05
7.074425017299999069e-05
7.122636244999999786e-05
7.022133043900000561e-05
7.072479995999999820e-05
6.974627582200001162e-05
7.024773439999999433e-05
6.925752850500000856e-05
6.972357784500000867e-05
6.870525456000000557e-05
6.913731382000000100e-05
6.811259998000000955e-05
6.854909742700000417e-05
6.756515709099999252e-05
6.804198864199999339e-05
6.780192279799999782e-05
6.680704766199999697e-05
6.710906096000001178e-05
6.647787283499998975e-05
6.557069872499998904e-05
6.380379469999999194e-05
6.352323080499999838e-05
6.317422416500001372e-05
6.381474065999998859e-05
6.534756210000001889e-05
6.641437707600000005e-05
6.833559148000000394e-05
6.854990164600000609e-05
6.788898164299999791e-05
6.683559943100000108e-05
6.583583564399999666e-05
6.509527030799999519e-05
6.460854756800000467e-05
6.428209792499999648e-05
6.402677814899998836e-05
6.379060951600000657e-05
6.355484619499999750e-05
6.331971356499999700e-05
6.309242761999999565e-05
6.354097100400000228e-05
6.268480987999998919e-05
6.251048927500000077e-05
6.235191641999999828e-05
6.220396894500000056e-05
6.271327956000000777e-05
6.191539918000000099e-05
6.176721367000000790e-05
6.226119763100000410e-05
6.145338863000000319e-05
6.129220952500000642e-05
6.177248779199999320e-05
6.096534078600000176e-05
6.144116493599999446e-05
6.063660473099999673e-05
6.110921334900000696e-05
6.031114125499999868e-05
6.078751513499999732e-05
6.000417683000000058e-05
6.049213353599999603e-05
5.972814046600000506e-05
6.022950297599999716e-05
5.948285768599999849e-05
5.999402203200000560e-05
5.988276905400000095e-05
5.915285137000001050e-05
5.967143671500000382e-05
5.957053449600000481e-05
5.947453641000000264e-05
5.876673552100000140e-05
5.930360512799999999e-05
5.922936054000000716e-05
5.916250604000000392e-05
5.910171331799999293e-05
5.904544944000000200e-05
5.837833113200000977e-05
5.894330482800000804e-05
5.889722002199999744e-05
5.885618579999999918e-05
5.882183029199999409e-05
5.879570625200000635e-05
5.877904790399999504e-05
5.877269779199998918e-05
5.877713111999999267e-05
5.879258247599999801e-05
5.943200334399999978e-05
5.885723087999999634e-05
5.890614743999999592e-05
5.896638488199999333e-05
5.903829160799999433e-05
5.912236299599999914e-05
5.983656493900000066e-05
5.933020416900000094e-05
5.945329655399999962e-05
5.958901806899998568e-05
6.035949002299999011e-05
5.989595587299999658e-05
6.006311018399999640e-05
6.086710301300000443e-05
6.042447543000000485e-05
6.125005092800000150e-05
6.082370834799999691e-05
6.167821274900000476e-05
6.127744190699999593e-05
6.217304296999999729e-05
6.180899935800000106e-05
6.275751320999999191e-05
6.243816185999999976e-05
6.344672627000000678e-05
6.317360160000001367e-05
6.424178778399999086e-05
6.467610851100000582e-05
6.445305672000000861e-05
6.557985150500001792e-05
6.603058183000000815e-05
6.576622272000000173e-05
6.681513657199998233e-05
6.708413060799999785e-05
6.720525888399998945e-05
6.711684152800000667e-05
6.606376420800000326e-05
6.603663504400000025e-05
6.489520151600000760e-05
6.327066369999999719e-05
6.112460186199999599e-05
5.844786208299999544e-05
5.526631800099999928e-05
5.164256838799999419e-05
4.767268593600000332e-05
4.347820965800000591e-05
3.919444961700000108e-05
3.495703712100000374e-05
3.088891452599999276e-05
2.708991390300000059e-05
2.363029234199999926e-05
2.074592421300000035e-05
1.782901537799999871e-05
1.551175370199999942e-05
1.353537642999999945e-05
1.185819809199999967e-05
1.053584477259999852e-05
9.210478104599999531e-06
8.169852780800000315e-06
7.336949962300000202e-06
6.465811384700000519e-06
5.763557187400000286e-06
5.185407673599999738e-06
4.564884356399999997e-06
4.094312599099999424e-06
3.589339859799999692e-06
3.203706478699999801e-06
2.794066210600000124e-06
2.481220112400000048e-06
2.154050807600000246e-06
1.905997276399999993e-06
1.651318397800000068e-06
1.461670687700000087e-06
1.271299514500000312e-06
1.135843152000000037e-06
1.015576682300000197e-06
9.174890585000000709e-07
8.747045197899999412e-07
8.693423144899999350e-07
9.304121754199999433e-07
1.077806928799999975e-06
1.397078502699999760e-06
1.938176305799999589e-06
2.834378080199999749e-06
4.265659471100000421e-06
6.486040352699999968e-06
9.717828749200000090e-06
1.471939661800000112e-05
2.177721429999999518e-05
3.163058365599999579e-05
4.500490020899999941e-05
6.263376748499999960e-05
8.517032876799999260e-05
1.130725668219999990e-04
1.464734103000000219e-04
1.850531790999999861e-04
2.304967998000000021e-04
2.741347843600000608e-04
3.206404435899999844e-04
3.654078356299999761e-04
4.056837721300000183e-04
4.387375474899999749e-04
4.669714415400000361e-04
4.742330537800000501e-04
4.737415461799999528e-04
4.655041637400000681e-04
4.363831444200000332e-04
4.025302994900000300e-04
3.650426033999999882e-04
3.158085570499999818e-04
2.689314035999999688e-04
2.250511414800000082e-04
1.796521116199999797e-04
1.424767348500000194e-04
1.077819844360000066e-04
8.100724694799999121e-05
5.807170693599999383e-05
4.136260959000000046e-05
2.809822242499999926e-05
1.896673403899999782e-05
1.220927137849999876e-05
7.810577492399999774e-06
4.802007080700000938e-06
2.851038912400000313e-06
1.682611306500000084e-06
9.538800317999999298e-07
5.263031348399999079e-07
2.805626835600000676e-07
1.487511313599999926e-07
7.572589344000002089e-08
3.754633592699999944e-08
1.814636805430000067e-08
8.505300244699998694e-09
3.995679813900000438e-09
1.830214267260000231e-09
8.465168210399999033e-10
4.117857986000001084e-10
2.249075119499999954e-10
1.469300517000000300e-10
1.156437067900000019e-10
1.040027197800000031e-10
1.005607647299999845e-10
1.005307069999999889e-10
1.018146329099999972e-10
1.050876129599999957e-10
1.063987997400000028e-10
1.086083100200000063e-10
1.105210555200000141e-10
1.120081446000000044e-10
1.129801039400000042e-10
1.145395744800000097e-10
1.132506543000000028e-10
1.125974455200000184e-10
1.126274594000000033e-10
1.100486472600000159e-10
1.083228645000000029e-10
1.074314594999999904e-10
1.041763895699999871e-10
1.017704584609999892e-10
1.000600636059999927e-10
9.597857055299999482e-11
9.337578503800000025e-11
8.837998909200000632e-11
8.459143607000000807e-11
7.853682826500000002e-11
7.352842361000000442e-11
6.660414142800000010e-11
6.070212131500000375e-11
5.392759429899999568e-11
4.671979009499999657e-11
4.063102519000000360e-11
3.436912156799999797e-11
2.831121741399999826e-11
2.338000588599999834e-11
1.875288300000000331e-11
1.476740993400000086e-11
1.131466548000000156e-11
8.682795903500002489e-12
6.463251612999998846e-12
4.719691275000000389e-12
3.380518876500000331e-12
2.374665173499999704e-12
1.635753765000000045e-12
1.104794384449999985e-12
7.315579884499999843e-13
4.710878011499999709e-13
3.035604854500000648e-13
1.908271582000000441e-13
1.151820118200000019e-13
6.899521325000001087e-14
4.050011242500001466e-14
2.329549686500000134e-14
1.312935749150000055e-14
7.250214700000001450e-15
3.922601022999999461e-15
2.079210596250000205e-15
1.087304427949999914e-15
5.455011942599999274e-16
2.717968698599999385e-16
1.326599367640000048e-16
6.385276975400001187e-17
2.947619174200000686e-17
1.351943605960000064e-17
6.112310311299999938e-18
2.638760798960000414e-18
1.141484336989999896e-18
4.749558162000000015e-19
1.964560151699999633e-19
7.853541329999999851e-20
1.289902847999999714e-20
0.000000000000000000e+00
0.000000000000000000e+00
0.000000000000000000e+00
0.000000000000000000e+00
0.000000000000000000e+00
0.000000000000000000e+00
0.000000000000000000e+00
0.000000000000000000e+00
0.000000000000000000e+00
0.000000000000000000e+00
0.000000000000000000e+00
0.000000000000000000e+00
0.000000000000000000e+00
0.000000000000000000e+00
0.000000000000000000e+00
0.000000000000000000e+00
0.000000000000000000e+00
0.000000000000000000e+00
0.000000000000000000e+00
0.000000000000000000e+00
0.000000000000000000e+00
0.000000000000000000e+00
0.000000000000000000e+00
0.000000000000000000e+00
0.000000000000000000e+00
0.000000000000000000e+00
0.000000000000000000e+00
0.000000000000000000e+00
0.000000000000000000e+00
0.000000000000000000e+00
0.000000000000000000e+00
0.000000000000000000e+00
0.000000000000000000e+00
0.000000000000000000e+00
0.000000000000000000e+00
0.000000000000000000e+00
0.000000000000000000e+00
0.000000000000000000e+00
0.000000000000000000e+00
0.000000000000000000e+00
0.000000000000000000e+00
0.000000000000000000e+00
0.000000000000000000e+00
0.000000000000000000e+00
0.000000000000000000e+00
0.000000000000000000e+00
0.000000000000000000e+00
0.000000000000000000e+00
0.000000000000000000e+00
0.000000000000000000e+00
0.000000000000000000e+00
0.000000000000000000e+00
0.000000000000000000e+00
0.000000000000000000e+00
0.000000000000000000e+00
0.000000000000000000e+00
0.000000000000000000e+00
0.000000000000000000e+00
0.000000000000000000e+00
0.000000000000000000e+00
0.000000000000000000e+00
0.000000000000000000e+00
0.000000000000000000e+00
0.000000000000000000e+00
0.000000000000000000e+00
0.000000000000000000e+00
0.000000000000000000e+00
0.000000000000000000e+00
0.000000000000000000e+00
0.000000000000000000e+00
0.000000000000000000e+00
0.000000000000000000e+00
0.000000000000000000e+00
0.000000000000000000e+00
0.000000000000000000e+00
0.000000000000000000e+00
0.000000000000000000e+00
0.000000000000000000e+00
0.000000000000000000e+00
0.000000000000000000e+00
0.000000000000000000e+00
0.000000000000000000e+00
0.000000000000000000e+00
0.000000000000000000e+00
0.000000000000000000e+00
0.000000000000000000e+00
0.000000000000000000e+00
0.000000000000000000e+00
0.000000000000000000e+00
0.000000000000000000e+00
0.000000000000000000e+00
0.000000000000000000e+00
0.000000000000000000e+00
0.000000000000000000e+00
0.000000000000000000e+00
0.000000000000000000e+00
0.000000000000000000e+00
0.000000000000000000e+00
0.000000000000000000e+00
0.000000000000000000e+00
0.000000000000000000e+00
0.000000000000000000e+00
0.000000000000000000e+00
0.000000000000000000e+00
0.000000000000000000e+00
0.000000000000000000e+00
0.000000000000000000e+00
0.000000000000000000e+00
0.000000000000000000e+00
0.000000000000000000e+00
0.000000000000000000e+00
0.000000000000000000e+00
0.000000000000000000e+00
0.000000000000000000e+00
0.000000000000000000e+00
0.000000000000000000e+00
0.000000000000000000e+00
0.000000000000000000e+00
0.000000000000000000e+00
0.000000000000000000e+00
0.000000000000000000e+00
0.000000000000000000e+00
0.000000000000000000e+00
0.000000000000000000e+00
0.000000000000000000e+00
0.000000000000000000e+00
0.000000000000000000e+00
0.000000000000000000e+00
0.000000000000000000e+00
0.000000000000000000e+00
0.000000000000000000e+00
0.000000000000000000e+00
0.000000000000000000e+00
0.000000000000000000e+00
0.000000000000000000e+00
0.000000000000000000e+00
0.000000000000000000e+00
0.000000000000000000e+00
0.000000000000000000e+00
0.000000000000000000e+00
0.000000000000000000e+00
0.000000000000000000e+00
0.000000000000000000e+00
0.000000000000000000e+00
0.000000000000000000e+00
0.000000000000000000e+00
0.000000000000000000e+00
0.000000000000000000e+00
0.000000000000000000e+00
0.000000000000000000e+00
0.000000000000000000e+00
0.000000000000000000e+00
0.000000000000000000e+00
0.000000000000000000e+00
0.000000000000000000e+00
0.000000000000000000e+00
0.000000000000000000e+00
0.000000000000000000e+00
0.000000000000000000e+00
0.000000000000000000e+00
0.000000000000000000e+00
0.000000000000000000e+00
0.000000000000000000e+00
0.000000000000000000e+00
0.000000000000000000e+00
0.000000000000000000e+00
0.000000000000000000e+00
0.000000000000000000e+00
0.000000000000000000e+00
0.000000000000000000e+00
0.000000000000000000e+00
0.000000000000000000e+00
0.000000000000000000e+00
0.000000000000000000e+00
0.000000000000000000e+00
0.000000000000000000e+00
0.000000000000000000e+00
0.000000000000000000e+00
0.000000000000000000e+00
0.000000000000000000e+00
0.000000000000000000e+00
0.000000000000000000e+00
0.000000000000000000e+00
0.000000000000000000e+00
0.000000000000000000e+00
0.000000000000000000e+00
0.000000000000000000e+00
0.000000000000000000e+00
0.000000000000000000e+00
0.000000000000000000e+00
0.000000000000000000e+00
0.000000000000000000e+00
0.000000000000000000e+00
0.000000000000000000e+00
0.000000000000000000e+00
0.000000000000000000e+00
0.000000000000000000e+00
0.000000000000000000e+00
0.000000000000000000e+00
0.000000000000000000e+00
0.000000000000000000e+00
0.000000000000000000e+00
0.000000000000000000e+00
0.000000000000000000e+00
0.000000000000000000e+00
0.000000000000000000e+00
0.000000000000000000e+00
0.000000000000000000e+00
0.000000000000000000e+00
0.000000000000000000e+00
0.000000000000000000e+00
0.000000000000000000e+00
0.000000000000000000e+00
0.000000000000000000e+00
0.000000000000000000e+00
0.000000000000000000e+00
0.000000000000000000e+00
0.000000000000000000e+00
0.000000000000000000e+00
0.000000000000000000e+00
0.000000000000000000e+00
0.000000000000000000e+00
0.000000000000000000e+00
0.000000000000000000e+00
0.000000000000000000e+00
0.000000000000000000e+00
0.000000000000000000e+00
0.000000000000000000e+00
0.000000000000000000e+00
0.000000000000000000e+00
0.000000000000000000e+00
0.000000000000000000e+00
0.000000000000000000e+00
0.000000000000000000e+00
0.000000000000000000e+00
0.000000000000000000e+00
0.000000000000000000e+00
0.000000000000000000e+00
0.000000000000000000e+00
0.000000000000000000e+00
0.000000000000000000e+00
0.000000000000000000e+00
0.000000000000000000e+00
0.000000000000000000e+00
0.000000000000000000e+00
0.000000000000000000e+00
0.000000000000000000e+00
0.000000000000000000e+00
0.000000000000000000e+00
0.000000000000000000e+00
0.000000000000000000e+00
0.000000000000000000e+00
0.000000000000000000e+00
0.000000000000000000e+00
0.000000000000000000e+00
0.000000000000000000e+00
0.000000000000000000e+00
0.000000000000000000e+00
0.000000000000000000e+00
0.000000000000000000e+00
0.000000000000000000e+00
0.000000000000000000e+00
0.000000000000000000e+00
0.000000000000000000e+00
0.000000000000000000e+00
0.000000000000000000e+00
0.000000000000000000e+00
0.000000000000000000e+00
0.000000000000000000e+00
0.000000000000000000e+00
0.000000000000000000e+00
0.000000000000000000e+00
0.000000000000000000e+00
0.000000000000000000e+00
0.000000000000000000e+00
0.000000000000000000e+00
0.000000000000000000e+00
0.000000000000000000e+00
0.000000000000000000e+00
0.000000000000000000e+00
0.000000000000000000e+00
0.000000000000000000e+00
0.000000000000000000e+00
0.000000000000000000e+00
0.000000000000000000e+00
0.000000000000000000e+00
0.000000000000000000e+00
0.000000000000000000e+00
0.000000000000000000e+00
0.000000000000000000e+00
0.000000000000000000e+00
0.000000000000000000e+00
0.000000000000000000e+00
0.000000000000000000e+00
0.000000000000000000e+00
0.000000000000000000e+00
0.000000000000000000e+00
0.000000000000000000e+00
0.000000000000000000e+00
0.000000000000000000e+00
0.000000000000000000e+00
0.000000000000000000e+00
0.000000000000000000e+00
0.000000000000000000e+00
0.000000000000000000e+00
0.000000000000000000e+00
0.000000000000000000e+00
0.000000000000000000e+00
0.000000000000000000e+00
0.000000000000000000e+00
0.000000000000000000e+00
0.000000000000000000e+00
0.000000000000000000e+00
0.000000000000000000e+00
0.000000000000000000e+00
0.000000000000000000e+00
0.000000000000000000e+00
0.000000000000000000e+00
0.000000000000000000e+00
0.000000000000000000e+00
0.000000000000000000e+00
0.000000000000000000e+00
0.000000000000000000e+00
0.000000000000000000e+00
0.000000000000000000e+00
0.000000000000000000e+00
0.000000000000000000e+00
0.000000000000000000e+00
0.000000000000000000e+00
0.000000000000000000e+00
0.000000000000000000e+00
0.000000000000000000e+00
0.000000000000000000e+00
0.000000000000000000e+00
0.000000000000000000e+00
0.000000000000000000e+00
0.000000000000000000e+00
0.000000000000000000e+00
0.000000000000000000e+00
0.000000000000000000e+00
0.000000000000000000e+00
0.000000000000000000e+00
0.000000000000000000e+00
0.000000000000000000e+00
0.000000000000000000e+00
0.000000000000000000e+00
0.000000000000000000e+00
0.000000000000000000e+00
0.000000000000000000e+00
0.000000000000000000e+00
0.000000000000000000e+00
0.000000000000000000e+00
0.000000000000000000e+00
0.000000000000000000e+00
0.000000000000000000e+00
0.000000000000000000e+00
0.000000000000000000e+00
0.000000000000000000e+00
0.000000000000000000e+00
0.000000000000000000e+00
0.000000000000000000e+00
0.000000000000000000e+00
0.000000000000000000e+00
0.000000000000000000e+00
0.000000000000000000e+00
0.000000000000000000e+00
0.000000000000000000e+00
0.000000000000000000e+00
0.000000000000000000e+00
0.000000000000000000e+00
0.000000000000000000e+00
0.000000000000000000e+00
0.000000000000000000e+00
0.000000000000000000e+00
0.000000000000000000e+00
0.000000000000000000e+00
0.000000000000000000e+00
0.000000000000000000e+00
0.000000000000000000e+00
0.000000000000000000e+00
0.000000000000000000e+00
0.000000000000000000e+00
0.000000000000000000e+00
0.000000000000000000e+00
0.000000000000000000e+00
0.000000000000000000e+00
0.000000000000000000e+00
0.000000000000000000e+00
0.000000000000000000e+00
0.000000000000000000e+00
0.000000000000000000e+00
0.000000000000000000e+00
0.000000000000000000e+00
0.000000000000000000e+00
0.000000000000000000e+00
0.000000000000000000e+00
0.000000000000000000e+00
0.000000000000000000e+00
0.000000000000000000e+00
0.000000000000000000e+00
0.000000000000000000e+00
0.000000000000000000e+00
0.000000000000000000e+00
0.000000000000000000e+00
0.000000000000000000e+00
0.000000000000000000e+00
0.000000000000000000e+00
0.000000000000000000e+00
0.000000000000000000e+00
0.000000000000000000e+00
0.000000000000000000e+00
0.000000000000000000e+00
0.000000000000000000e+00
0.000000000000000000e+00
0.000000000000000000e+00
0.000000000000000000e+00
0.000000000000000000e+00
0.000000000000000000e+00
0.000000000000000000e+00
0.000000000000000000e+00
0.000000000000000000e+00
0.000000000000000000e+00
0.000000000000000000e+00
0.000000000000000000e+00
0.000000000000000000e+00
0.000000000000000000e+00
0.000000000000000000e+00
0.000000000000000000e+00
0.000000000000000000e+00
0.000000000000000000e+00
0.000000000000000000e+00
0.000000000000000000e+00
0.000000000000000000e+00
0.000000000000000000e+00
0.000000000000000000e+00
0.000000000000000000e+00
0.000000000000000000e+00
0.000000000000000000e+00
0.000000000000000000e+00
0.000000000000000000e+00
0.000000000000000000e+00
0.000000000000000000e+00
0.000000000000000000e+00
0.000000000000000000e+00
0.000000000000000000e+00
0.000000000000000000e+00
0.000000000000000000e+00
0.000000000000000000e+00
0.000000000000000000e+00
0.000000000000000000e+00
0.000000000000000000e+00
0.000000000000000000e+00
0.000000000000000000e+00
0.000000000000000000e+00
0.000000000000000000e+00
0.000000000000000000e+00
0.000000000000000000e+00
0.000000000000000000e+00
0.000000000000000000e+00
0.000000000000000000e+00
0.000000000000000000e+00
0.000000000000000000e+00
0.000000000000000000e+00
0.000000000000000000e+00
0.000000000000000000e+00
0.000000000000000000e+00
0.000000000000000000e+00
0.000000000000000000e+00
0.000000000000000000e+00
0.000000000000000000e+00
0.000000000000000000e+00
0.000000000000000000e+00
0.000000000000000000e+00
0.000000000000000000e+00
0.000000000000000000e+00
0.000000000000000000e+00
0.000000000000000000e+00
0.000000000000000000e+00
0.000000000000000000e+00
0.000000000000000000e+00
0.000000000000000000e+00
0.000000000000000000e+00
0.000000000000000000e+00
0.000000000000000000e+00
0.000000000000000000e+00
0.000000000000000000e+00
0.000000000000000000e+00
0.000000000000000000e+00
0.000000000000000000e+00
0.000000000000000000e+00
0.000000000000000000e+00
0.000000000000000000e+00
0.000000000000000000e+00
0.000000000000000000e+00
0.000000000000000000e+00
0.000000000000000000e+00
0.000000000000000000e+00
0.000000000000000000e+00
0.000000000000000000e+00
0.000000000000000000e+00
0.000000000000000000e+00
0.000000000000000000e+00
0.000000000000000000e+00
0.000000000000000000e+00
0.000000000000000000e+00
0.000000000000000000e+00
0.000000000000000000e+00
0.000000000000000000e+00
0.000000000000000000e+00
0.000000000000000000e+00
0.000000000000000000e+00
0.000000000000000000e+00
0.000000000000000000e+00
0.000000000000000000e+00
0.000000000000000000e+00
0.000000000000000000e+00
0.000000000000000000e+00
0.000000000000000000e+00
0.000000000000000000e+00
0.000000000000000000e+00
0.000000000000000000e+00
0.000000000000000000e+00
0.000000000000000000e+00
0.000000000000000000e+00
0.000000000000000000e+00
0.000000000000000000e+00
0.000000000000000000e+00
0.000000000000000000e+00
0.000000000000000000e+00
0.000000000000000000e+00
0.000000000000000000e+00
0.000000000000000000e+00
0.000000000000000000e+00
0.000000000000000000e+00
0.000000000000000000e+00
0.000000000000000000e+00
0.000000000000000000e+00
0.000000000000000000e+00
0.000000000000000000e+00
0.000000000000000000e+00
0.000000000000000000e+00
0.000000000000000000e+00
0.000000000000000000e+00
0.000000000000000000e+00
0.000000000000000000e+00
0.000000000000000000e+00
0.000000000000000000e+00
0.000000000000000000e+00
0.000000000000000000e+00
0.000000000000000000e+00
0.000000000000000000e+00
0.000000000000000000e+00
0.000000000000000000e+00
0.000000000000000000e+00
0.000000000000000000e+00
0.000000000000000000e+00
0.000000000000000000e+00
0.000000000000000000e+00
0.000000000000000000e+00
0.000000000000000000e+00
0.000000000000000000e+00
0.000000000000000000e+00
0.000000000000000000e+00
0.000000000000000000e+00
0.000000000000000000e+00
0.000000000000000000e+00
0.000000000000000000e+00
0.000000000000000000e+00
0.000000000000000000e+00
0.000000000000000000e+00
0.000000000000000000e+00
0.000000000000000000e+00
0.000000000000000000e+00
0.000000000000000000e+00
0.000000000000000000e+00
0.000000000000000000e+00
0.000000000000000000e+00
0.000000000000000000e+00
0.000000000000000000e+00
0.000000000000000000e+00
0.000000000000000000e+00
0.000000000000000000e+00
0.000000000000000000e+00
0.000000000000000000e+00
0.000000000000000000e+00
0.000000000000000000e+00
0.000000000000000000e+00
0.000000000000000000e+00
0.000000000000000000e+00
0.000000000000000000e+00
0.000000000000000000e+00
0.000000000000000000e+00
0.000000000000000000e+00
0.000000000000000000e+00
0.000000000000000000e+00
0.000000000000000000e+00
0.000000000000000000e+00
0.000000000000000000e+00
0.000000000000000000e+00
0.000000000000000000e+00
0.000000000000000000e+00
0.000000000000000000e+00
0.000000000000000000e+00
0.000000000000000000e+00
0.000000000000000000e+00
0.000000000000000000e+00
0.000000000000000000e+00
0.000000000000000000e+00
0.000000000000000000e+00
0.000000000000000000e+00
0.000000000000000000e+00
0.000000000000000000e+00
0.000000000000000000e+00
0.000000000000000000e+00
0.000000000000000000e+00
0.000000000000000000e+00
0.000000000000000000e+00
0.000000000000000000e+00
0.000000000000000000e+00
0.000000000000000000e+00
0.000000000000000000e+00
0.000000000000000000e+00
0.000000000000000000e+00
0.000000000000000000e+00
0.000000000000000000e+00
0.000000000000000000e+00
0.000000000000000000e+00
0.000000000000000000e+00
0.000000000000000000e+00
0.000000000000000000e+00
0.000000000000000000e+00
0.000000000000000000e+00
0.000000000000000000e+00
0.000000000000000000e+00
0.000000000000000000e+00
0.000000000000000000e+00
0.000000000000000000e+00
0.000000000000000000e+00
0.000000000000000000e+00
0.000000000000000000e+00
0.000000000000000000e+00
0.000000000000000000e+00
0.000000000000000000e+00
0.000000000000000000e+00
0.000000000000000000e+00
0.000000000000000000e+00
0.000000000000000000e+00
0.000000000000000000e+00
0.000000000000000000e+00
0.000000000000000000e+00
0.000000000000000000e+00
0.000000000000000000e+00
0.000000000000000000e+00
0.000000000000000000e+00
0.000000000000000000e+00
0.000000000000000000e+00
0.000000000000000000e+00
0.000000000000000000e+00
0.000000000000000000e+00
0.000000000000000000e+00
0.000000000000000000e+00
0.000000000000000000e+00
0.000000000000000000e+00
0.000000000000000000e+00
0.000000000000000000e+00
0.000000000000000000e+00
0.000000000000000000e+00
0.000000000000000000e+00
0.000000000000000000e+00
0.000000000000000000e+00
0.000000000000000000e+00
0.000000000000000000e+00
0.000000000000000000e+00
0.000000000000000000e+00
0.000000000000000000e+00
0.000000000000000000e+00
0.000000000000000000e+00
0.000000000000000000e+00
0.000000000000000000e+00
0.000000000000000000e+00
0.000000000000000000e+00
0.000000000000000000e+00
0.000000000000000000e+00
0.000000000000000000e+00
0.000000000000000000e+00
0.000000000000000000e+00
0.000000000000000000e+00
0.000000000000000000e+00
0.000000000000000000e+00
0.000000000000000000e+00
0.000000000000000000e+00
0.000000000000000000e+00
0.000000000000000000e+00
0.000000000000000000e+00
0.000000000000000000e+00
0.000000000000000000e+00
0.000000000000000000e+00
0.000000000000000000e+00
0.000000000000000000e+00
0.000000000000000000e+00
