0
0
0.0
0.0
0.0
0.0
0.0
3.243245265e-06
4.8714030585e-05
6.5465173377e-05
6.5382040115e-05
6.4749316038e-05
6.577290027e-05
6.6308033904e-05
6.6798420348e-05
6.7053791833e-05
6.7102967065e-05
6.704831599e-05
6.6945859986e-05
6.6829553412e-05
6.7432801194e-05
6.6627639638e-05
6.652566987e-05
6.639764263e-05
6.6239678112e-05
6.6064979809e-05
6.6593857238e-05
6.5738677771e-05
6.5605510245e-05
6.5486350905e-05
6.606904675e-05
6.5265296274e-05
6.5164203122e-05
6.5764147147e-05
6.4987812155e-05
6.5598452529e-05
6.4830081513e-05
6.544530772e-05
6.4690237365e-05
6.5318693925e-05
6.457375269e-05
6.5199655088e-05
6.4455866292e-05
6.5117130253e-05
6.4510245933e-05
6.55014291e-05
6.6192409157e-05
6.6677700137e-05
6.905713666e-05
7.0923010525e-05
7.243871612e-05
7.2285505675e-05
7.258243787e-05
7.1373122475e-05
7.0134548225e-05
6.938875515e-05
6.8363923956e-05
6.8778410604e-05
6.8060353966e-05
6.6941305153e-05
6.5721062777e-05
6.4701761036e-05
6.4008832048e-05
6.3605262372e-05
6.339017888e-05
6.3274736834e-05
6.3207496782e-05
6.3168282835e-05
6.3153050227e-05
6.3161384294e-05
6.3854601156e-05
6.322749582e-05
6.3262153135e-05
6.3281031515e-05
6.327571399e-05
6.390929154e-05
6.318801896e-05
6.311637497e-05
6.3699280942e-05
6.2953073031e-05
6.2873050541e-05
6.345797736e-05
6.2725977818e-05
6.3320022228e-05
6.2600686867e-05
6.3205676298e-05
6.250072126e-05
6.311880141e-05
6.2429189295e-05
6.306177744e-05
6.239056852e-05
6.304907622e-05
6.2423466238e-05
6.3167157669e-05
6.3351381588e-05
6.3026580215e-05
6.425560572e-05
6.5122308122e-05
6.6332039769e-05
6.7155967401e-05
6.9627815736e-05
7.1454317022e-05
7.308417084e-05
7.425321258e-05
7.475120496e-05
7.3710387924e-05
7.3506530328e-05
7.1977112748e-05
7.01514702e-05
6.8289743262e-05
6.6602070328e-05
6.5215477104e-05
6.4170890016e-05
6.34424664e-05
6.2967567012e-05
6.33244749e-05
6.2490581238e-05
6.237482712e-05
6.2291155146e-05
6.2221751424e-05
6.2158410498e-05
6.2744933542e-05
6.2040743908e-05
6.1986920508e-05
6.1936240506e-05
6.2532651473e-05
6.1841634917e-05
6.1796678805e-05
6.2395398913e-05
6.170812938e-05
6.2307206564e-05
6.1622888932e-05
6.2224391214e-05
6.1545619452e-05
6.2152398216e-05
6.1481318292e-05
6.209478662e-05
6.1431213132e-05
6.2050050078e-05
6.139115736e-05
6.2011948195e-05
6.199298557e-05
6.1334413575e-05
6.195249752e-05
6.193039825e-05
6.126925944e-05
6.1884020031e-05
6.1860379844e-05
6.1837169501e-05
6.181482762e-05
6.1156773504e-05
6.1774278901e-05
6.1756223395e-05
6.1739741104e-05
6.1724676388e-05
6.1710737412e-05
6.1697550983e-05
6.1684740813e-05
6.1672032524e-05
6.1659309857e-05
6.1646705673e-05
6.1634607996e-05
6.1623602944e-05
6.1614396435e-05
6.1607644745e-05
6.223893802e-05
6.1603295177e-05
6.1605911853e-05
6.161135897e-05
6.1619129984e-05
6.2264070281e-05
6.1639618163e-05
6.1651449732e-05
6.2299986357e-05
6.1678171713e-05
6.1693360476e-05
6.2346526739e-05
6.1729331415e-05
6.238714788e-05
6.1773995422e-05
6.2436686438e-05
6.1827057412e-05
6.2493829148e-05
6.1886513028e-05
6.2556257197e-05
6.1950192437e-05
6.2622235033e-05
6.2017049567e-05
6.2691463618e-05
6.2727787953e-05
6.2124774057e-05
6.2804268387e-05
6.2845356943e-05
6.288858793e-05
6.2291753727e-05
6.2981807253e-05
6.3032586211e-05
6.3086133139e-05
6.314251838e-05
6.3201826532e-05
6.2618320159e-05
6.3329189247e-05
6.3398504662e-05
6.3472026142e-05
6.3550454473e-05
6.3634632401e-05
6.3725474561e-05
6.3823848843e-05
6.3930447878e-05
6.4045585902e-05
6.4824503055e-05
6.4301324621e-05
6.4438039164e-05
6.4578091756e-05
6.4718458e-05
6.4855761714e-05
6.5650404474e-05
6.510921882e-05
6.5218812036e-05
6.5982483864e-05
6.5400220276e-05
6.547245482e-05
6.620455296e-05
6.5593120978e-05
6.5647677357e-05
6.6374087461e-05
6.5763994148e-05
6.6503140241e-05
6.5907705759e-05
6.6667462846e-05
6.609078593e-05
6.687322905e-05
6.6314310272e-05
6.7117674228e-05
6.657306186e-05
6.7394288272e-05
6.7543427844e-05
6.7013905854e-05
6.7857489405e-05
6.8023276935e-05
6.8194099528e-05
6.7678374297e-05
6.8548733765e-05
6.8734377342e-05
6.8925117042e-05
6.9121152716e-05
6.862153802e-05
6.9528365992e-05
6.9742651344e-05
6.9964422444e-05
7.019478103e-05
7.043509044e-05
7.0687021878e-05
7.0952507222e-05
7.1233656228e-05
7.1532616827e-05
7.18513855e-05
7.2191526657e-05
7.3288673758e-05
7.2942210924e-05
7.3347227196e-05
7.376960178e-05
7.420466394e-05
7.4646256806e-05
7.5847691e-05
7.5523176981e-05
7.5937831824e-05
7.7100779176e-05
7.6690788353e-05
7.701505989e-05
7.808503645e-05
7.7557544706e-05
7.7777542392e-05
7.8759809059e-05
7.8147908649e-05
7.910406911e-05
7.8476286114e-05
7.944031087e-05
7.882901926e-05
7.9829723735e-05
7.9257125838e-05
8.0311776507e-05
8.0594226236e-05
8.00928216e-05
8.1234613702e-05
8.1592182558e-05
8.1148687916e-05
8.236209743e-05
8.2772357476e-05
8.3194015018e-05
8.2785247494e-05
8.405304167e-05
8.4486590865e-05
8.491474141e-05
8.533114568e-05
8.5728052475e-05
8.6096024675e-05
8.6423735375e-05
8.66978769e-05
8.6033434215e-05
8.7021974895e-05
8.79085017e-05
8.693026475e-05
8.668052622e-05
8.6271182235e-05
8.5686908035e-05
8.491591572e-05
8.395108452e-05
8.279091171e-05
8.144021061e-05
8.0701242678e-05
7.8202043358e-05
7.6373064284e-05
7.4436486222e-05
7.3139042802e-05
7.0353235932e-05
6.8297392624e-05
6.6923758634e-05
6.4285979027e-05
6.3023355524e-05
6.0622768085e-05
5.8980675855e-05
5.8041754095e-05
5.6094978e-05
5.5413659256e-05
5.3772480346e-05
5.3338854666e-05
5.2485688242e-05
5.123596488e-05
5.1111266e-05
5.006228354e-05
5.009310504e-05
4.969015489e-05
4.8860918405e-05
4.9061812161e-05
4.8819282102e-05
4.8617804282e-05
4.79731735e-05
4.831879019e-05
4.8210053282e-05
4.8122336556e-05
4.8050004048e-05
4.7986773179e-05
4.79256143e-05
4.7858786941e-05
4.7305484152e-05
4.7676268312e-05
4.7543654419e-05
4.7374852741e-05
4.716639923e-05
4.7382425793e-05
4.6637861175e-05
4.6343976002e-05
4.606226152e-05
4.5833702961e-05
4.5715303435e-05
4.5781970202e-05
4.6587286212e-05
4.6874239335e-05
4.8137971387e-05
5.0066531858e-05
5.334924458e-05
5.6556217332e-05
6.1369869346e-05
6.8093625117e-05
7.4771657875e-05
8.3382088584e-05
9.4216821078e-05
0.000104335862118
0.00011745587223
0.00012890298965
0.00014316764574
0.00015445422025
0.00016814602857
0.00017740343578
0.0001885385613
0.00019392633328
0.000200715906
0.00020289113772
0.00020022490626
0.00019866921327
0.00019236167617
0.00018178955769
0.00017267534799
0.00015998011707
0.00014603509131
0.00013134085119
0.000115316868845
0.000101760460935
8.756113467e-05
7.4248125022e-05
6.2053698411e-05
5.1128072127e-05
4.154510411e-05
3.331240473e-05
2.6384376525e-05
2.0676561587e-05
1.6080014328e-05
1.24746310176e-05
9.7406066574e-06
7.767738834e-06
6.4623833154e-06
5.8070563053e-06
5.5896245765e-06
5.9542246203e-06
6.8425015071e-06
8.2773075239e-06
1.04136915225e-05
1.29973608e-05
1.6381592832e-05
2.0543466335e-05
2.582368647e-05
3.1498158063e-05
3.87262058e-05
4.6121134674e-05
5.4726765156e-05
6.4792336312e-05
7.4251141938e-05
8.5636091387e-05
9.5586503943e-05
0.00010736205171
0.00011669567346
0.00012762590294
0.00013643057226
0.0001424566131
0.00014965977802
0.00015213549258
0.00015559532987
0.00015547883683
0.00015326700944
0.00014762666226
0.0001430557756
0.0001354044084
0.00012643107243
0.000116457197472
0.000104845286898
9.4961958258e-05
8.3981823612e-05
7.3266753992e-05
6.3054122668e-05
5.3530795457e-05
4.4830800108e-05
3.7036580535e-05
3.0183240532e-05
2.4265009063e-05
1.9243048038e-05
1.5053767325e-05
1.1616994385e-05
8.8434037899e-06
6.6408237501e-06
4.960056504e-06
3.5834660282e-06
2.5827499798e-06
1.836301437e-06
1.28793092129e-06
8.9821516446e-07
6.0595793413e-07
4.079991472e-07
2.7313430792e-07
1.7692550257e-07
1.14441019261e-07
7.3633284759e-08
4.588427463e-08
2.8809872208e-08
1.7552999008e-08
1.0815052072e-08
6.5044874182e-09
3.9970652306e-09
2.4376365952e-09
1.55834757177e-09
1.02386321251e-09
7.3367550052e-10
5.628907514e-10
4.627715254e-10
4.1321465224e-10
3.8167891336e-10
3.588371596e-10
3.4907864858e-10
3.387174973e-10
3.2967228522e-10
3.1812387987e-10
3.1300788714e-10
3.0498717093e-10
2.9726420076e-10
2.900008308e-10
2.8340435518e-10
2.7754063683e-10
2.6990624759e-10
2.683747709e-10
2.6505546516e-10
2.6252066022e-10
2.6065108664e-10
2.6177440464e-10
2.5822892394e-10
2.572905948e-10
2.5625286461e-10
2.5491954179e-10
2.5311832702e-10
2.5071130923e-10
2.476023593e-10
2.4606452265e-10
2.3908212069e-10
2.3375644452e-10
2.2781264462e-10
2.2347079197e-10
2.145278393e-10
2.075736118e-10
2.025229668e-10
1.9380332556e-10
1.8917491605e-10
1.8145818288e-10
1.7621411631e-10
1.7334624111e-10
1.6800110864e-10
1.6676230395e-10
1.632228351e-10
1.636889658e-10
1.6340480715e-10
1.6231233814e-10
1.6500558657e-10
1.6511349997e-10
1.6885620297e-10
1.7137568626e-10
1.7247504988e-10
1.7704855324e-10
1.8005496609e-10
1.8307450659e-10
1.8427451914e-10
1.889574078e-10
1.9181211375e-10
1.946047446e-10
1.9735919925e-10
2.001127831e-10
2.0291339055e-10
2.0581681805e-10
2.088836676e-10
2.121765954e-10
2.1575834165e-10
2.196892431e-10
2.2402545585e-10
2.288168748e-10
2.3410531005e-10
2.399227092e-10
2.4628923865e-10
2.532111921e-10
2.606793087e-10
2.686670861e-10
2.7981117052e-10
2.8608925095e-10
2.9529281955e-10
3.047220218e-10
3.1729876188e-10
3.2386711449e-10
3.3322294215e-10
3.4557966202e-10
3.5097272694e-10
3.5901465114e-10
3.6989605666e-10
3.7301616065e-10
3.8237892525e-10
3.836364192e-10
3.9128941898e-10
3.9068305332e-10
3.9668308034e-10
3.9445582126e-10
3.9909508275e-10
3.9945900135e-10
3.956718738e-10
3.991883684e-10
3.9885257672e-10
3.9482330988e-10
3.9851987462e-10
3.9879124357e-10
3.9573742215e-10
4.0075967836e-10
4.026324637e-10
4.0517013954e-10
4.0839778524e-10
4.1231441412e-10
4.1293591455e-10
4.2202531405e-10
4.277299988e-10
4.3385272752e-10
4.4026160959e-10
4.4680329597e-10
4.5330659947e-10
4.5958744375e-10
4.6545460597e-10
4.7071453757e-10
4.7518192068e-10
4.7868574168e-10
4.8562072238e-10
4.822292347e-10
4.8203307042e-10
4.804439622e-10
4.774387176e-10
4.774666526e-10
4.6720329376e-10
4.6014513014e-10
4.51910105e-10
4.4674954494e-10
4.3231498314e-10
4.2133023177e-10
4.1353048574e-10
3.9751728885e-10
3.8865663576e-10
3.723151524e-10
3.6289506372e-10
3.4668894029e-10
3.3710652329e-10
3.2137401029e-10
3.1191474214e-10
2.9687506037e-10
2.8772258106e-10
2.7602272384e-10
2.622261429e-10
2.5370703432e-10
2.4299551893e-10
2.3048891075e-10
2.2265472989e-10
2.1291701134e-10
2.0162919447e-10
1.9444310265e-10
1.8560226861e-10
1.7704466704e-10
1.6876396496e-10
1.6075525539e-10
1.5301540627e-10
1.4421623562e-10
1.3840281951e-10
1.3146145921e-10
1.2478872034e-10
1.183869054e-10
1.12259804928e-10
1.06413976767e-10
1.00857880263e-10
9.5605217632e-11
9.1502081592e-11
8.6061456381e-11
8.1887030352e-11
7.8165595943e-11
7.4971046832e-11
7.2397106647e-11
7.1212896513e-11
6.9592568648e-11
6.9679360058e-11
7.0993868174e-11
7.4452852656e-11
7.8222858619e-11
8.4584418071e-11
9.4036192674e-11
1.04194421222e-10
1.19033470128e-10
1.3459678704e-10
1.5584605736e-10
1.7748972454e-10
2.0587015906e-10
2.3383070505e-10
2.6952822415e-10
3.0338968874e-10
3.4583289226e-10
3.8436119768e-10
4.3206813372e-10
4.7775175554e-10
5.1899280431e-10
5.6972584476e-10
6.1471203625e-10
6.5763895059e-10
6.9091715434e-10
7.3318403286e-10
7.6434175947e-10
7.8987469998e-10
8.0911343319e-10
8.1389235631e-10
8.2676819574e-10
8.2475199172e-10
8.1546329754e-10
7.9913725068e-10
7.7619216902e-10
7.472111562e-10
7.129174191e-10
6.741439436e-10
6.317996769e-10
5.868341973e-10
5.4020273924e-10
4.9283270928e-10
4.4559553728e-10
4.0277253529e-10
3.5419172145e-10
3.1170942126e-10
2.7186808498e-10
2.3499587592e-10
2.0302199755e-10
1.7063036667e-10
1.4354398073e-10
1.2067924745e-10
9.8695700868e-11
8.0803465092e-11
6.610355035e-11
5.261551941e-11
4.2274927481e-11
3.3041814474e-11
2.6068965195e-11
2.0006409892e-11
1.5498996058e-11
1.16789601132e-11
8.8838008516e-12
6.5728524222e-12
4.909076582e-12
3.5663552026e-12
2.6156728282e-12
1.8813323712e-12
1.33040156304e-12
9.4969119082e-13
6.6441335554e-13
4.6053236635e-13
3.1386460514e-13
2.1595322435e-13
1.45586131964e-13
9.7242587891e-14
6.435494685e-14
4.2203080957e-14
2.724355098e-14
1.7755358199e-14
1.13356563665e-14
7.1695369577e-15
4.4922132524e-15
2.7884045112e-15
1.7146802522e-15
1.04460893325e-15
6.3050288375e-16
3.7706069472e-16
2.24973752613e-16
1.30710972447e-16
7.614882121e-17
4.394524919e-17
2.5120460477e-17
1.42236299686e-17
8.0318062137e-18
4.4078188153e-18
2.4257133354e-18
1.3225494435e-18
5.2075610925e-19
1.17895725e-21
0.0
0.0
0.0
0.0
0.0
0.0
0.0
0.0
0.0
0.0
0.0
0.0
0.0
0.0
0.0
0.0
0.0
0.0
0.0
0.0
0.0
0.0
0.0
0.0
0.0
0.0
0.0
0.0
0.0
0.0
0.0
0.0
0.0
0.0
0.0
0.0
0.0
0.0
0.0
0.0
0.0
0.0
0.0
0.0
0.0
0.0
0.0
0.0
0.0
0.0
0.0
0.0
0.0
0.0
0.0
0.0
0.0
0.0
0.0
0.0
0.0
0.0
0.0
0.0
0.0
0.0
0.0
0.0
0.0
0.0
0.0
0.0
0.0
0.0
0.0
0.0
0.0
0.0
0.0
0.0
0.0
0.0
0.0
0.0
0.0
0.0
0.0
0.0
0.0
0.0
0.0
0.0
0.0
0.0
0.0
0.0
0.0
0.0
0.0
0.0
0.0
0.0
0.0
0.0
0.0
0.0
0.0
0.0
0.0
0.0
0.0
0.0
0.0
0.0
0.0
0.0
0.0
0.0
0.0
0.0
0.0
0.0
0.0
0.0
0.0
0.0
0.0
0.0
0.0
0.0
0.0
0.0
0.0
0.0
0.0
0.0
0.0
0.0
0.0
0.0
0.0
0.0
0.0
0.0
0.0
0.0
0.0
0.0
0.0
0.0
0.0
0.0
0.0
0.0
0.0
0.0
0.0
0.0
0.0
0.0
0.0
0.0
0.0
0.0
0.0
0.0
0.0
0.0
0.0
0.0
0.0
0.0
0.0
0.0
0.0
0.0
0.0
0.0
0.0
0.0
0.0
0.0
0.0
0.0
0.0
0.0
0.0
0.0
0.0
0.0
0.0
0.0
0.0
0.0
0.0
0.0
0.0
0.0
0.0
0.0
0.0
0.0
0.0
0.0
0.0
0.0
0.0
0.0
0.0
0.0
0.0
0.0
0.0
0.0
0.0
0.0
0.0
0.0
0.0
0.0
0.0
0.0
0.0
0.0
0.0
0.0
0.0
0.0
0.0
0.0
0.0
0.0
0.0
0.0
0.0
0.0
0.0
0.0
0.0
0.0
0.0
0.0
0.0
0.0
0.0
0.0
0.0
0.0
0.0
0.0
0.0
0.0
0.0
0.0
0.0
0.0
0.0
0.0
0.0
0.0
0.0
0.0
0.0
0.0
0.0
0.0
0.0
0.0
0.0
0.0
0.0
0.0
0.0
0.0
0.0
0.0
0.0
0.0
0.0
0.0