0
0
0
0
0
0
0
1.58E-05
0.000232423
0.000211119
0.000213634
0.000593728
0.001990655
0.004824039
0.007960306
0.009061817
0.007301148
0.004446611
0.00224961
0.000986204
0.000389897
0.000168051
0.000111051
9.97E-05
9.73E-05
9.68E-05
9.94E-05
0.000104473
0.000118061
0.000140025
0.00016834
0.000188565
0.000196607
0.00019075
0.000175975
0.000185516
0.000249917
0.000429378
0.000754051
0.001259374
0.001826733
0.002358768
0.002583086
0.00249724
0.002046539
0.001488501
0.000936314
0.000522523
0.000279855
0.000153867
0.00010046
7.99E-05
7.40E-05
7.18E-05
7.19E-05
7.34E-05
7.47E-05
7.72E-05
7.80E-05
7.78E-05
7.71E-05
7.63E-05
7.55E-05
7.45E-05
7.33E-05
7.15E-05
6.93E-05
6.67E-05
6.41E-05
6.19E-05
6.09E-05
5.94E-05
5.99E-05
6.26E-05
6.96E-05
8.46E-05
0.000108173
0.000145038
0.000196321
0.000251056
0.000306149
0.000352403
0.000368463
0.000363994
0.000326163
0.000277479
0.000216724
0.000164478
0.000119195
8.91E-05
6.85E-05
5.79E-05
5.18E-05
5.00E-05
4.94E-05
4.93E-05
5.08E-05
5.22E-05
5.36E-05
5.44E-05
5.61E-05
5.72E-05
5.88E-05
6.16E-05
6.72E-05
7.66E-05
9.48E-05
0.000122229
0.000162066
0.000215739
0.000282613
0.000359224
0.000439047
0.000513145
0.000571681
0.000612382
0.000610533
0.000584593
0.000532583
0.000462475
0.000383978
0.000309163
0.000236039
0.000178619
0.000134539
0.000103821
8.13E-05
6.79E-05
6.08E-05
5.64E-05
5.61E-05
5.65E-05
5.96E-05
6.22E-05
6.65E-05
6.94E-05
7.32E-05
7.48E-05
7.72E-05
7.72E-05
7.82E-05
7.83E-05
7.76E-05
7.88E-05
7.94E-05
7.93E-05
8.05E-05
8.03E-05
7.91E-05
7.69E-05
7.28E-05
6.95E-05
6.48E-05
6.01E-05
5.57E-05
5.18E-05
4.87E-05
4.64E-05
4.48E-05
4.38E-05
4.33E-05
4.31E-05
4.30E-05
4.29E-05
4.27E-05
4.29E-05
4.22E-05
4.17E-05
4.13E-05
4.08E-05
4.07E-05
3.98E-05
3.95E-05
3.96E-05
3.89E-05
3.88E-05
3.92E-05
3.89E-05
3.95E-05
3.95E-05
4.03E-05
4.03E-05
4.13E-05
4.14E-05
4.24E-05
4.24E-05
4.32E-05
4.29E-05
4.34E-05
4.32E-05
4.25E-05
4.24E-05
4.17E-05
4.09E-05
3.95E-05
3.89E-05
3.79E-05
3.69E-05
3.58E-05
3.49E-05
3.36E-05
3.32E-05
3.25E-05
3.19E-05
3.15E-05
3.11E-05
3.09E-05
3.08E-05
3.08E-05
3.08E-05
3.13E-05
3.12E-05
3.15E-05
3.18E-05
3.23E-05
3.28E-05
3.37E-05
3.39E-05
3.45E-05
3.55E-05
3.57E-05
3.62E-05
3.71E-05
3.70E-05
3.72E-05
3.77E-05
3.72E-05
3.74E-05
3.67E-05
3.66E-05
3.58E-05
3.57E-05
3.48E-05
3.47E-05
3.40E-05
3.41E-05
3.39E-05
3.37E-05
3.43E-05
3.49E-05
3.58E-05
3.67E-05
3.89E-05
4.12E-05
4.40E-05
4.73E-05
5.05E-05
5.52E-05
5.95E-05
6.40E-05
6.82E-05
7.21E-05
7.53E-05
7.77E-05
7.90E-05
7.92E-05
7.82E-05
7.61E-05
7.38E-05
6.91E-05
6.47E-05
5.98E-05
5.49E-05
5.01E-05
4.61E-05
4.16E-05
3.81E-05
3.56E-05
3.30E-05
3.14E-05
3.06E-05
2.97E-05
2.96E-05
3.01E-05
3.03E-05
3.13E-05
3.19E-05
3.32E-05
3.38E-05
3.50E-05
3.54E-05
3.63E-05
3.66E-05
3.62E-05
3.62E-05
3.56E-05
3.44E-05
3.36E-05
3.23E-05
3.09E-05
2.92E-05
2.80E-05
2.66E-05
2.54E-05
2.43E-05
2.35E-05
2.29E-05
2.26E-05
2.26E-05
2.27E-05
2.37E-05
2.51E-05
2.64E-05
2.82E-05
3.04E-05
3.29E-05
3.57E-05
3.85E-05
4.13E-05
4.41E-05
4.70E-05
4.86E-05
5.02E-05
5.12E-05
5.21E-05
5.12E-05
5.01E-05
4.89E-05
4.62E-05
4.40E-05
4.05E-05
3.73E-05
3.44E-05
3.08E-05
2.80E-05
2.49E-05
2.25E-05
2.02E-05
1.81E-05
1.67E-05
1.53E-05
1.45E-05
1.38E-05
1.34E-05
1.35E-05
1.37E-05
1.43E-05
1.50E-05
1.63E-05
1.78E-05
1.96E-05
2.17E-05
2.41E-05
2.68E-05
2.98E-05
3.27E-05
3.63E-05
3.97E-05
4.31E-05
4.64E-05
5.01E-05
5.24E-05
5.49E-05
5.69E-05
5.84E-05
5.93E-05
5.97E-05
6.00E-05
5.86E-05
5.71E-05
5.52E-05
5.33E-05
5.00E-05
4.70E-05
4.41E-05
4.03E-05
3.69E-05
3.39E-05
3.03E-05
2.76E-05
2.45E-05
2.22E-05
1.97E-05
1.80E-05
1.61E-05
1.48E-05
1.35E-05
1.26E-05
1.18E-05
1.10E-05
1.06E-05
1.01E-05
9.65E-06
9.42E-06
9.14E-06
8.88E-06
8.63E-06
8.29E-06
8.12E-06
7.86E-06
7.58E-06
7.28E-06
6.97E-06
6.65E-06
6.31E-06
5.97E-06
5.63E-06
5.30E-06
4.97E-06
4.66E-06
4.38E-06
4.12E-06
3.94E-06
3.71E-06
3.56E-06
3.44E-06
3.36E-06
3.35E-06
3.31E-06
3.32E-06
3.35E-06
3.43E-06
3.44E-06
3.52E-06
3.52E-06
3.54E-06
3.57E-06
3.51E-06
3.50E-06
3.39E-06
3.32E-06
3.17E-06
3.07E-06
2.94E-06
2.79E-06
2.72E-06
2.64E-06
2.66E-06
2.72E-06
2.88E-06
3.11E-06
3.52E-06
4.05E-06
4.73E-06
5.58E-06
6.54E-06
7.82E-06
9.21E-06
1.08E-05
1.25E-05
1.43E-05
1.63E-05
1.83E-05
2.03E-05
2.22E-05
2.41E-05
2.57E-05
2.72E-05
2.83E-05
2.92E-05
2.99E-05
2.98E-05
2.95E-05
2.89E-05
2.79E-05
2.69E-05
2.52E-05
2.34E-05
2.18E-05
1.96E-05
1.76E-05
1.58E-05
1.37E-05
1.20E-05
1.02E-05
8.76E-06
7.30E-06
6.14E-06
5.03E-06
4.17E-06
3.38E-06
2.77E-06
2.25E-06
1.81E-06
1.49E-06
1.22E-06
1.01E-06
8.57E-07
7.34E-07
6.41E-07
5.67E-07
5.22E-07
4.84E-07
4.57E-07
4.36E-07
4.19E-07
4.05E-07
3.88E-07
3.79E-07
3.64E-07
3.49E-07
3.31E-07
3.15E-07
2.92E-07
2.71E-07
2.48E-07
2.26E-07
2.04E-07
1.82E-07
1.61E-07
1.43E-07
1.23E-07
1.07E-07
9.26E-08
8.07E-08
6.90E-08
5.98E-08
5.26E-08
4.57E-08
4.10E-08
3.65E-08
3.32E-08
3.09E-08
2.86E-08
2.73E-08
2.57E-08
2.49E-08
2.41E-08
2.31E-08
2.27E-08
2.20E-08
2.18E-08
2.14E-08
2.09E-08
2.08E-08
2.05E-08
2.02E-08
1.98E-08
1.97E-08
1.95E-08
1.92E-08
1.89E-08
1.85E-08
1.81E-08
1.77E-08
1.72E-08
1.66E-08
1.60E-08
1.54E-08
1.47E-08
1.40E-08
1.34E-08
1.27E-08
1.21E-08
1.16E-08
1.11E-08
1.07E-08
1.04E-08
1.01E-08
9.92E-09
9.82E-09
9.89E-09
9.83E-09
9.90E-09
1.01E-08
1.01E-08
1.02E-08
1.04E-08
1.03E-08
1.04E-08
1.02E-08
1.01E-08
9.75E-09
9.52E-09
9.04E-09
8.67E-09
8.16E-09
7.53E-09
7.01E-09
6.39E-09
5.72E-09
5.17E-09
4.57E-09
3.97E-09
3.47E-09
2.97E-09
2.52E-09
2.12E-09
1.76E-09
1.43E-09
1.18E-09
9.45E-10
7.52E-10
5.92E-10
4.61E-10
3.55E-10
2.71E-10
2.04E-10
1.52E-10
1.12E-10
8.21E-11
5.98E-11
4.23E-11
2.99E-11
2.09E-11
1.45E-11
9.99E-12
6.69E-12
4.49E-12
2.97E-12
1.97E-12
1.26E-12
8.10E-13
5.18E-13
3.22E-13
2.02E-13
1.23E-13
7.53E-14
4.48E-14
2.69E-14
1.56E-14
9.18E-15
5.23E-15
3.00E-15
1.69E-15
9.29E-16
5.17E-16
2.81E-16
1.50E-16
8.07E-17
4.25E-17
2.20E-17
1.13E-17
2.32E-18
0
0
0
0
0
0
0
0
0
0
0
0
0
0
0
0
0
0
0
0
0
0
0
0
0
0
0
0
0
0
0
0
0
0
0
0
0
0
0
0
0
0
0
0
0
0
0
0
0
0
0
0
0
0
0
0
0
0
0
0
0
0
0
0
0
0
0
0
0
0
0
0
0
0
0
0
0
0
0
0
0
0
0
0
0
0
0
0
0
0
0
0
0
0
0
0
0
0
0
0
0
0
0
0
0
0
0
0
0
0
0
0
0
0
0
0
0
0
0
0
0
0
0
0
0
0
0
0
0
0
0
0
0
0
0
0
0
0
0
0
0
0
0
0
0
0
0
0
0
0
0
0
0
0
0
0
0
0
0
0
0
0
0
0
0
0
0
0
0
0
0
0
0
0
0
0
0
0
0
0
0
0
0
0
0
0
0
0
0
0
0
0
0
0
0
0
0
0
0
0
0
0
0
0
0
0
0
0
0
0
0
0
0
0
0
0
0
0
0
0
0
0
0
0
0
0
0
0
0
0
0
0
0
0
0
0
0
0
0
0
0
0
0
0
0
0
0
0
0
0
0
0
0
0
0
0
0
0
0
0
0
0
0
0
0
0
0
0
0
0
0
0
0
0
0
0
0
0
0
0
0
0
0
0
0
0
0
0
0
0
0
0
0
0
0
0
0
0
0
0
0
0
0
0
0
0
0
0
0
0
0
0
0
0
0
0
0
0
0
0
0
0
0
0
0
0
0
0
0
0
0
0
0
0
0
0
0
0
0
0
0
0
0
0
0
0
0
0
0
0
0
0
0
0
0
0
0
0
0
0
0
0
0
0
0
0
0
0
0
0
0
0
0
0
0
0
0
0
0
0
0
0
0
0
0
0
0
0
0
0
0
0
0
0
0
0
0
0
0
0
