0.000000000000000000e+00
0.000000000000000000e+00
0.000000000000000000e+00
0.000000000000000000e+00
0.000000000000000000e+00
0.000000000000000000e+00
0.000000000000000000e+00
1.464018554999999949e-07
2.199017799499999648e-06
2.955978957299999540e-06
2.951642041100000469e-06
2.920499003099999561e-06
2.965598033499999728e-06
2.993424237799999898e-06
3.022592224200000397e-06
3.038640015400000303e-06
3.038399622600000131e-06
3.029045811999999878e-06
3.017800663999999587e-06
3.006937604200000144e-06
3.028018237800000214e-06
2.985892657000000014e-06
2.977432221000000381e-06
2.971101227499999869e-06
2.965641282299999658e-06
2.959136473299999830e-06
2.982152774899999621e-06
2.941554570399999961e-06
2.933406926600000103e-06
2.927520348999999941e-06
2.954855527999999902e-06
2.920859434800000042e-06
2.917420969499999686e-06
2.943757542899999633e-06
2.907262993200000155e-06
2.932427503400000300e-06
2.896043578199999507e-06
2.921533812000000152e-06
2.885799740499999608e-06
2.911836765499999814e-06
2.876913777100000115e-06
2.903377099399999935e-06
2.868813526899999721e-06
2.895589388699999787e-06
2.861956811099999451e-06
2.889579454800000221e-06
2.886011252400000015e-06
2.849227081599999656e-06
2.866862804000001050e-06
2.844094759499999900e-06
2.809204618000001011e-06
2.737291485499999693e-06
2.729075210500000496e-06
2.717925716500000118e-06
2.749363113999998852e-06
2.819468866999999682e-06
2.869990529799999642e-06
2.958398702200000226e-06
2.974000900600000564e-06
2.952117597600000300e-06
2.912788668900000734e-06
2.874768654099999857e-06
2.846999397199999566e-06
2.829744166499999847e-06
2.819531637999999638e-06
2.812893176300000029e-06
2.807741119400000301e-06
2.803316297000000052e-06
2.799685244699999361e-06
2.797233686099999960e-06
2.825693016599999998e-06
2.796712507999999470e-06
2.798100506999999770e-06
2.799679465499999319e-06
2.800733268499999429e-06
2.830314026999999987e-06
2.799943947999999409e-06
2.798381715999999920e-06
2.826009926399999803e-06
2.794900062500000723e-06
2.793554890500000029e-06
2.821883831999999832e-06
2.791524843200000034e-06
2.819806306800000056e-06
2.789043915000000059e-06
2.816631620100000065e-06
2.785213184000000423e-06
2.812187006999999927e-06
2.780421002499999995e-06
2.807099918399999984e-06
2.775258210200000310e-06
2.801871414000000082e-06
2.770249211100000356e-06
2.797238753400000247e-06
2.795506437899999733e-06
2.765229804500000078e-06
2.793740535000000221e-06
2.793639236100000129e-06
2.793900816000000046e-06
2.765267790799999605e-06
2.794947607199999856e-06
2.795534663400000106e-06
2.796059832000000196e-06
2.796417642599999883e-06
2.796438455999999765e-06
2.766761023999999142e-06
2.794456268399999727e-06
2.791819060000000211e-06
2.787679091999999974e-06
2.781813921000000194e-06
2.774115833200000136e-06
2.764617729000000010e-06
2.753502988799999980e-06
2.741093640000000118e-06
2.727814016800000148e-06
2.742346172799999934e-06
2.700432080400000215e-06
2.687381195999999859e-06
2.675165088799999552e-06
2.663966071200000241e-06
2.653837033199999603e-06
2.672234347800000371e-06
2.636456012100000046e-06
2.629072415999999840e-06
2.622413415899999759e-06
2.643693701499999852e-06
2.611252907899999873e-06
2.607039536400000339e-06
2.631155340200000249e-06
2.602682766000000038e-06
2.630830650400000174e-06
2.608195912200000006e-06
2.645109714400000054e-06
2.635007351100000135e-06
2.690640203500000537e-06
2.705272286400000097e-06
2.794984683999999843e-06
2.849001674400000396e-06
2.986490643600000189e-06
3.085448111999999753e-06
3.267512647800000048e-06
3.428572667199999873e-06
3.549849484499999970e-06
3.728473807900000379e-06
3.839153803599999859e-06
3.864958764000000182e-06
3.919443451599999469e-06
3.880082143399999919e-06
3.792054121000000415e-06
3.666241321200000162e-06
3.481722068799999811e-06
3.362117246399999929e-06
3.212130687800000339e-06
3.080352579799999970e-06
2.974726786800000222e-06
2.899820975700000017e-06
2.857668238200000102e-06
2.848831788100000128e-06
2.873288817199999797e-06
2.930870489700000057e-06
3.021144976800000024e-06
3.142799596700000331e-06
3.292740925599999974e-06
3.465209535199999989e-06
3.651236084799999649e-06
3.879234531199999792e-06
4.014940783599999718e-06
4.161018176399999795e-06
4.264981462000000551e-06
4.316342550800000651e-06
4.353909926800000329e-06
4.244615325199999291e-06
4.128964429199999952e-06
4.013688955500000224e-06
3.790805161499999490e-06
3.599386416999999965e-06
3.445594466999999612e-06
3.236111701799999551e-06
3.115755000199999848e-06
2.957669527999999652e-06
2.887187103999999878e-06
2.782031883500000093e-06
2.755267276499999731e-06
2.688908778799999400e-06
2.690783508699999917e-06
2.646820151300000169e-06
2.663761554699999777e-06
2.630445207499999767e-06
2.654005491000000035e-06
2.652050327400000195e-06
2.624009362600000094e-06
2.650618325900000418e-06
2.650472178500000110e-06
2.650476096099999837e-06
2.623493026200000004e-06
2.650610127299999668e-06
2.650662571199999886e-06
2.650688354799999946e-06
2.650692746600000059e-06
2.650690988799999972e-06
2.623655461399999956e-06
2.650753186600000347e-06
2.650861207100000173e-06
2.651042488500000240e-06
2.651306301499999967e-06
2.651653243899999892e-06
2.652077962800000471e-06
2.652570062800000015e-06
2.653118258800000183e-06
2.653714073200000376e-06
2.681442541500000069e-06
2.655046072700000138e-06
2.655786021799999807e-06
2.656592808200000429e-06
2.657480085400000339e-06
2.658460448400000014e-06
2.686686400199999986e-06
2.660740851399999720e-06
2.662025871400000323e-06
2.690583647399999653e-06
2.664861944600000141e-06
2.666371652500000243e-06
2.695164074700000266e-06
2.669554890800000043e-06
2.671209096999999797e-06
2.700202395000000322e-06
2.674716282599999994e-06
2.703904649399999757e-06
2.678571716799999710e-06
2.708022166600000335e-06
2.682890044599999665e-06
2.712639000999999575e-06
2.687707049299999760e-06
2.717734174099999781e-06
2.692944351100000001e-06
2.723177373599999186e-06
2.725984610099999547e-06
2.701225400299999897e-06
2.731578076499999646e-06
2.734340783999999097e-06
2.737038497600000027e-06
2.711961947899999785e-06
2.742125331500000222e-06
2.744504150400000044e-06
2.746747249199999807e-06
2.748848028800000167e-06
2.723011520599999902e-06
2.752614218100000529e-06
2.754324259799999802e-06
2.755942109700000224e-06
2.757497824399999461e-06
2.759026000500000212e-06
2.760563544299999783e-06
2.762146187199999864e-06
2.763808675799999678e-06
2.765580772199999686e-06
2.767487380000000145e-06
2.769548765399999968e-06
2.799790806200000326e-06
2.774219479199999817e-06
2.776823180200000202e-06
2.779619647500000420e-06
2.782610869499999932e-06
2.785796932600000406e-06
2.817367576600000477e-06
2.792782507200000082e-06
2.796539721300000243e-06
2.828788611300000652e-06
2.804641316000000168e-06
2.808935954999999996e-06
2.841844247999999622e-06
2.818087844700000434e-06
2.822897074899999909e-06
2.856466833700000264e-06
2.833081460099999555e-06
2.867107089599999842e-06
2.843966853000000147e-06
2.878458522000000152e-06
2.855555938500000019e-06
2.890517168500000712e-06
2.867838118199999605e-06
2.903267855799999515e-06
2.909939215100000214e-06
2.887597399499999827e-06
2.923802108599999480e-06
2.931128849000000552e-06
2.909348366199999875e-06
2.946753109400000240e-06
2.955350449400000130e-06
2.964656299200000725e-06
2.945073375599999660e-06
2.986135392499999886e-06
2.998932627999999978e-06
3.013453762499999965e-06
3.029991366999999495e-06
3.048812664000000553e-06
3.070126886999999855e-06
3.094052942499999658e-06
3.120582946500000162e-06
3.117906634499999701e-06
3.180300178000000291e-06
3.245212785500000132e-06
3.246717764000000675e-06
3.280156579000000519e-06
3.312576577000000322e-06
3.342940887999999882e-06
3.370238856000000279e-06
3.393563098000000182e-06
3.412186276999999369e-06
3.425625710499999902e-06
3.468042315299999963e-06
3.436470737200000242e-06
3.434337757400000241e-06
3.428001332799999966e-06
3.452447499199999945e-06
3.406159824999999949e-06
3.392797500000000189e-06
3.412853577699999909e-06
3.365940315499999374e-06
3.387749612899999777e-06
3.344449122000000217e-06
3.337105099500000331e-06
3.365643009000000070e-06
3.330181914000000570e-06
3.363932526799999886e-06
3.333465845999999917e-06
3.371857660600000024e-06
3.378864051300000111e-06
3.353934214200000152e-06
3.397457403099999267e-06
3.374828570000000370e-06
3.420635457000000524e-06
3.433532065199999290e-06
3.412882304700000037e-06
3.461039142200000876e-06
3.475614631699999935e-06
3.490618250199999735e-06
3.471223622000000251e-06
3.521616314999999872e-06
3.537719091200000078e-06
3.554152140199999116e-06
3.570900893600000596e-06
3.587951150499999558e-06
3.605290270000000092e-06
3.622902051699999884e-06
3.604637446400000155e-06
3.658710079600000069e-06
3.677060084100000246e-06
3.695636040200000260e-06
3.714432890500000211e-06
3.770510533800000311e-06
3.752881530999999703e-06
3.772353992200000205e-06
3.792067899000000208e-06
3.812037165899999314e-06
3.832278379500000324e-06
3.852809148000000345e-06
3.912105023100000181e-06
3.895017879499999455e-06
3.916517812600001219e-06
3.938365884999999235e-06
3.999895035400000628e-06
3.983356999399999691e-06
4.006281966600000119e-06
4.069575908999999714e-06
4.053422889999998985e-06
4.077384127199999555e-06
4.142393858099998900e-06
4.126474867700000519e-06
4.192536268800000538e-06
4.176616201699999638e-06
4.243579108500000517e-06
4.227444614500000812e-06
4.295046634499999242e-06
4.278345141800000101e-06
4.346129131200000247e-06
4.328275384799999101e-06
4.395461433600000721e-06
4.418929899599999482e-06
4.397379666599999348e-06
4.461067985399999199e-06
4.478887635999999206e-06
4.449464125499999858e-06
4.504260530099999848e-06
4.510231317900000909e-06
4.510352036300000560e-06
4.503523310700000117e-06
4.444682197000000518e-06
4.464662312699999337e-06
4.430127018300000132e-06
4.384102512699998923e-06
4.325654850600001985e-06
4.254044950199999783e-06
4.168787090700000072e-06
4.069697322300000858e-06
3.956932475100001062e-06
3.831011752300000118e-06
3.692823200100000197e-06
3.543609388500000169e-06
3.384930800499999638e-06
3.218613786900000263e-06
3.046681671600000118e-06
2.898552859500000021e-06
2.692845524699999719e-06
2.516989588799999460e-06
2.343972686400000027e-06
2.175587605600000668e-06
2.032333398599999420e-06
1.857094137899999810e-06
1.710735518700000176e-06
1.573366632999999816e-06
1.458887448499999436e-06
1.325534336700000195e-06
1.227591785999999963e-06
1.114745464199999576e-06
1.022713572000000071e-06
9.472819428000000133e-07
8.606664021000000361e-07
7.975700279299999365e-07
7.248999437700000035e-07
6.718227162200000746e-07
6.104592923799999981e-07
5.653901533399999596e-07
5.180035627199999852e-07
4.697801488799999686e-07
4.340072524800000095e-07
3.927800565300000479e-07
3.620846924399999967e-07
3.301013215100000186e-07
3.007932530799999095e-07
2.716207064700000136e-07
2.505025788499999525e-07
2.295180580000000028e-07
2.117393534199999876e-07
1.976041050499999686e-07
1.859546677500000122e-07
1.830675640199999717e-07
1.846660303100000003e-07
1.941980087299999986e-07
2.137138487199999569e-07
2.458095861799999367e-07
2.937016204500000073e-07
3.612874253699999834e-07
4.531811035999999867e-07
5.747113298000000591e-07
7.318684891599999441e-07
9.311860382600000884e-07
1.179545050079999973e-06
1.483893168899999703e-06
1.850875329600000140e-06
2.310964569000000099e-06
2.800317249100000178e-06
3.385585077400000092e-06
4.047071185299998475e-06
4.782113664199999660e-06
5.642971353000000598e-06
6.453366706500000211e-06
7.357807730400000269e-06
8.373625275600000089e-06
9.233783800199998987e-06
1.015149841279999962e-05
1.113645733700000312e-05
1.183640147499999855e-05
1.266832325200000124e-05
1.313593790799999890e-05
1.371556206999999944e-05
1.387395246500000032e-05
1.413140996800000050e-05
1.394437488200000254e-05
1.385487402000000031e-05
1.333612271699999939e-05
1.292531476800000078e-05
1.225003447999999932e-05
1.135894679200000012e-05
1.060524188360000014e-05
9.680594156400000813e-06
8.646848799099999484e-06
7.776726365899999020e-06
6.836724468700000249e-06
5.935201117799999826e-06
5.043022373400002404e-06
4.314547243500000481e-06
3.607249672300000157e-06
2.978164876300000210e-06
2.428020174999999900e-06
1.954728775900000443e-06
1.554001376900000016e-06
1.209673723200000054e-06
9.481724897999998833e-07
7.260003215200000006e-07
5.489357120000001062e-07
4.098645103199999886e-07
3.046678055400000404e-07
2.193450953200000050e-07
1.576844304500000133e-07
1.119385159549999968e-07
7.846931949000001540e-08
5.431882138299999997e-08
3.713068332200000334e-08
2.506407257499999986e-08
1.683778539000000120e-08
1.095345907829999988e-08
7.120271826699999699e-09
4.571507118499999835e-09
2.921339658300000223e-09
1.808598488199999808e-09
1.120185049199999829e-09
6.913706918999999885e-10
4.143975593199999686e-10
2.513478116400000052e-10
1.489433767800000289e-10
8.956691048599999799e-11
5.498454320100000251e-11
3.411236292800000186e-11
2.273948734500000032e-11
1.605980179999999931e-11
1.269511230000000134e-11
1.089128045099999822e-11
9.978890492200000236e-12
9.807444401999999307e-12
9.747673381299998724e-12
1.003526076569999892e-11
1.030592824259999831e-11
1.049856962719999988e-11
1.088419716599999947e-11
1.113754640700000006e-11
1.134087563699999996e-11
1.137958927799999987e-11
1.156835645999999945e-11
1.157322091999999932e-11
1.149983603999999844e-11
1.134717395999999995e-11
1.111627376999999976e-11
1.081006472699999871e-11
1.043342783900000143e-11
9.992879549999997445e-12
9.496260332999999700e-12
8.952525313499998900e-12
8.371459369499997749e-12
7.763367738000001776e-12
7.138754215999999948e-12
6.508001568000000462e-12
5.881061240999999780e-12
5.267169957000000215e-12
4.674602642999999625e-12
4.110473964000000173e-12
3.580598202999999987e-12
3.116603882600000247e-12
2.635855766699999479e-12
2.230194718499999917e-12
1.868345840200000551e-12
1.562932951300000132e-12
1.269832980719999933e-12
1.031952714940000055e-12
8.370934753099998763e-13
6.593148245999999149e-13
5.193516816299998916e-13
4.082056342999999908e-13
3.114495233500000313e-13
2.396188076500000165e-13
1.789288509000000153e-13
1.347222517900000056e-13
9.843957622800000760e-14
7.252374566000001336e-14
5.184657313200000035e-14
3.736995162200000403e-14
2.634261751800000424e-14
1.822074954000000098e-14
1.270583564399999869e-14
8.663539160800002495e-15
5.797665470400000031e-15
3.912044842799999737e-15
2.581087675699999988e-15
1.671258943440000006e-15
1.090866925860000062e-15
6.959369282000000484e-16
4.390045329399999954e-16
2.738186395000000184e-16
1.688679220839999949e-16
1.022158712699999943e-16
6.238621676599999969e-17
3.719481036499999665e-17
2.192632136500000354e-17
1.278044423520000083e-17
7.366041576600000603e-18
4.197097556199999585e-18
2.363993320999999931e-18
1.317751285520000252e-18
7.269049925400000361e-19
3.965739604399999984e-19
2.138990589499999941e-19
1.148247430240000359e-19
5.976281764399999401e-20
3.114079828599999741e-20
1.604153389799999918e-20
7.690246793000000896e-21
8.803019050000000653e-22
0.000000000000000000e+00
0.000000000000000000e+00
0.000000000000000000e+00
0.000000000000000000e+00
0.000000000000000000e+00
0.000000000000000000e+00
0.000000000000000000e+00
0.000000000000000000e+00
0.000000000000000000e+00
0.000000000000000000e+00
0.000000000000000000e+00
0.000000000000000000e+00
0.000000000000000000e+00
0.000000000000000000e+00
0.000000000000000000e+00
0.000000000000000000e+00
0.000000000000000000e+00
0.000000000000000000e+00
0.000000000000000000e+00
0.000000000000000000e+00
0.000000000000000000e+00
0.000000000000000000e+00
0.000000000000000000e+00
0.000000000000000000e+00
0.000000000000000000e+00
0.000000000000000000e+00
0.000000000000000000e+00
0.000000000000000000e+00
0.000000000000000000e+00
0.000000000000000000e+00
0.000000000000000000e+00
0.000000000000000000e+00
0.000000000000000000e+00
0.000000000000000000e+00
0.000000000000000000e+00
0.000000000000000000e+00
0.000000000000000000e+00
0.000000000000000000e+00
0.000000000000000000e+00
0.000000000000000000e+00
0.000000000000000000e+00
0.000000000000000000e+00
0.000000000000000000e+00
0.000000000000000000e+00
0.000000000000000000e+00
0.000000000000000000e+00
0.000000000000000000e+00
0.000000000000000000e+00
0.000000000000000000e+00
0.000000000000000000e+00
0.000000000000000000e+00
0.000000000000000000e+00
0.000000000000000000e+00
0.000000000000000000e+00
0.000000000000000000e+00
0.000000000000000000e+00
0.000000000000000000e+00
0.000000000000000000e+00
0.000000000000000000e+00
0.000000000000000000e+00
0.000000000000000000e+00
0.000000000000000000e+00
0.000000000000000000e+00
0.000000000000000000e+00
0.000000000000000000e+00
0.000000000000000000e+00
0.000000000000000000e+00
0.000000000000000000e+00
0.000000000000000000e+00
0.000000000000000000e+00
0.000000000000000000e+00
0.000000000000000000e+00
0.000000000000000000e+00
0.000000000000000000e+00
0.000000000000000000e+00
0.000000000000000000e+00
0.000000000000000000e+00
0.000000000000000000e+00
0.000000000000000000e+00
0.000000000000000000e+00
0.000000000000000000e+00
0.000000000000000000e+00
0.000000000000000000e+00
0.000000000000000000e+00
0.000000000000000000e+00
0.000000000000000000e+00
0.000000000000000000e+00
0.000000000000000000e+00
0.000000000000000000e+00
0.000000000000000000e+00
0.000000000000000000e+00
0.000000000000000000e+00
0.000000000000000000e+00
0.000000000000000000e+00
0.000000000000000000e+00
0.000000000000000000e+00
0.000000000000000000e+00
0.000000000000000000e+00
0.000000000000000000e+00
0.000000000000000000e+00
0.000000000000000000e+00
0.000000000000000000e+00
0.000000000000000000e+00
0.000000000000000000e+00
0.000000000000000000e+00
0.000000000000000000e+00
0.000000000000000000e+00
0.000000000000000000e+00
0.000000000000000000e+00
0.000000000000000000e+00
0.000000000000000000e+00
0.000000000000000000e+00
0.000000000000000000e+00
0.000000000000000000e+00
0.000000000000000000e+00
0.000000000000000000e+00
0.000000000000000000e+00
0.000000000000000000e+00
0.000000000000000000e+00
0.000000000000000000e+00
0.000000000000000000e+00
0.000000000000000000e+00
0.000000000000000000e+00
0.000000000000000000e+00
0.000000000000000000e+00
0.000000000000000000e+00
0.000000000000000000e+00
0.000000000000000000e+00
0.000000000000000000e+00
0.000000000000000000e+00
0.000000000000000000e+00
0.000000000000000000e+00
0.000000000000000000e+00
0.000000000000000000e+00
0.000000000000000000e+00
0.000000000000000000e+00
0.000000000000000000e+00
0.000000000000000000e+00
0.000000000000000000e+00
0.000000000000000000e+00
0.000000000000000000e+00
0.000000000000000000e+00
0.000000000000000000e+00
0.000000000000000000e+00
0.000000000000000000e+00
0.000000000000000000e+00
0.000000000000000000e+00
0.000000000000000000e+00
0.000000000000000000e+00
0.000000000000000000e+00
0.000000000000000000e+00
0.000000000000000000e+00
0.000000000000000000e+00
0.000000000000000000e+00
0.000000000000000000e+00
0.000000000000000000e+00
0.000000000000000000e+00
0.000000000000000000e+00
0.000000000000000000e+00
0.000000000000000000e+00
0.000000000000000000e+00
0.000000000000000000e+00
0.000000000000000000e+00
0.000000000000000000e+00
0.000000000000000000e+00
0.000000000000000000e+00
0.000000000000000000e+00
0.000000000000000000e+00
0.000000000000000000e+00
0.000000000000000000e+00
0.000000000000000000e+00
0.000000000000000000e+00
0.000000000000000000e+00
0.000000000000000000e+00
0.000000000000000000e+00
0.000000000000000000e+00
0.000000000000000000e+00
0.000000000000000000e+00
0.000000000000000000e+00
0.000000000000000000e+00
0.000000000000000000e+00
0.000000000000000000e+00
0.000000000000000000e+00
0.000000000000000000e+00
0.000000000000000000e+00
0.000000000000000000e+00
0.000000000000000000e+00
0.000000000000000000e+00
0.000000000000000000e+00
0.000000000000000000e+00
0.000000000000000000e+00
0.000000000000000000e+00
0.000000000000000000e+00
0.000000000000000000e+00
0.000000000000000000e+00
0.000000000000000000e+00
0.000000000000000000e+00
0.000000000000000000e+00
0.000000000000000000e+00
0.000000000000000000e+00
0.000000000000000000e+00
0.000000000000000000e+00
0.000000000000000000e+00
0.000000000000000000e+00
0.000000000000000000e+00
0.000000000000000000e+00
0.000000000000000000e+00
0.000000000000000000e+00
0.000000000000000000e+00
0.000000000000000000e+00
0.000000000000000000e+00
0.000000000000000000e+00
0.000000000000000000e+00
0.000000000000000000e+00
0.000000000000000000e+00
0.000000000000000000e+00
0.000000000000000000e+00
0.000000000000000000e+00
0.000000000000000000e+00
0.000000000000000000e+00
0.000000000000000000e+00
0.000000000000000000e+00
0.000000000000000000e+00
0.000000000000000000e+00
0.000000000000000000e+00
0.000000000000000000e+00
0.000000000000000000e+00
0.000000000000000000e+00
0.000000000000000000e+00
0.000000000000000000e+00
0.000000000000000000e+00
0.000000000000000000e+00
0.000000000000000000e+00
0.000000000000000000e+00
0.000000000000000000e+00
0.000000000000000000e+00
0.000000000000000000e+00
0.000000000000000000e+00
0.000000000000000000e+00
0.000000000000000000e+00
0.000000000000000000e+00
0.000000000000000000e+00
0.000000000000000000e+00
0.000000000000000000e+00
0.000000000000000000e+00
0.000000000000000000e+00
0.000000000000000000e+00
0.000000000000000000e+00
0.000000000000000000e+00
0.000000000000000000e+00
0.000000000000000000e+00
0.000000000000000000e+00
0.000000000000000000e+00
0.000000000000000000e+00
0.000000000000000000e+00
0.000000000000000000e+00
0.000000000000000000e+00
0.000000000000000000e+00
0.000000000000000000e+00
0.000000000000000000e+00
0.000000000000000000e+00
0.000000000000000000e+00
0.000000000000000000e+00
0.000000000000000000e+00
0.000000000000000000e+00
0.000000000000000000e+00
0.000000000000000000e+00
0.000000000000000000e+00
0.000000000000000000e+00
0.000000000000000000e+00
0.000000000000000000e+00
0.000000000000000000e+00
0.000000000000000000e+00
0.000000000000000000e+00
0.000000000000000000e+00
0.000000000000000000e+00
0.000000000000000000e+00
0.000000000000000000e+00
0.000000000000000000e+00
0.000000000000000000e+00
0.000000000000000000e+00
0.000000000000000000e+00
0.000000000000000000e+00
0.000000000000000000e+00
0.000000000000000000e+00
0.000000000000000000e+00
0.000000000000000000e+00
0.000000000000000000e+00
0.000000000000000000e+00
0.000000000000000000e+00
0.000000000000000000e+00
0.000000000000000000e+00
0.000000000000000000e+00
0.000000000000000000e+00
0.000000000000000000e+00
0.000000000000000000e+00
0.000000000000000000e+00
0.000000000000000000e+00
0.000000000000000000e+00
0.000000000000000000e+00
0.000000000000000000e+00
0.000000000000000000e+00
0.000000000000000000e+00
0.000000000000000000e+00
0.000000000000000000e+00
0.000000000000000000e+00
0.000000000000000000e+00
0.000000000000000000e+00
0.000000000000000000e+00
0.000000000000000000e+00
0.000000000000000000e+00
0.000000000000000000e+00
0.000000000000000000e+00
0.000000000000000000e+00
0.000000000000000000e+00
0.000000000000000000e+00
0.000000000000000000e+00
0.000000000000000000e+00
0.000000000000000000e+00
0.000000000000000000e+00
0.000000000000000000e+00
0.000000000000000000e+00
0.000000000000000000e+00
0.000000000000000000e+00
0.000000000000000000e+00
0.000000000000000000e+00
0.000000000000000000e+00
0.000000000000000000e+00
0.000000000000000000e+00
0.000000000000000000e+00
0.000000000000000000e+00
0.000000000000000000e+00
0.000000000000000000e+00
0.000000000000000000e+00
0.000000000000000000e+00
0.000000000000000000e+00
0.000000000000000000e+00
0.000000000000000000e+00
0.000000000000000000e+00
0.000000000000000000e+00
0.000000000000000000e+00
0.000000000000000000e+00
0.000000000000000000e+00
0.000000000000000000e+00
0.000000000000000000e+00
0.000000000000000000e+00
0.000000000000000000e+00
0.000000000000000000e+00
0.000000000000000000e+00
0.000000000000000000e+00
0.000000000000000000e+00
0.000000000000000000e+00
0.000000000000000000e+00
0.000000000000000000e+00
0.000000000000000000e+00
0.000000000000000000e+00
0.000000000000000000e+00
0.000000000000000000e+00
0.000000000000000000e+00
0.000000000000000000e+00
0.000000000000000000e+00
0.000000000000000000e+00
0.000000000000000000e+00
0.000000000000000000e+00
0.000000000000000000e+00
0.000000000000000000e+00
0.000000000000000000e+00
0.000000000000000000e+00
0.000000000000000000e+00
0.000000000000000000e+00
0.000000000000000000e+00
0.000000000000000000e+00
0.000000000000000000e+00
0.000000000000000000e+00
0.000000000000000000e+00
0.000000000000000000e+00
0.000000000000000000e+00
0.000000000000000000e+00
0.000000000000000000e+00
0.000000000000000000e+00
0.000000000000000000e+00
0.000000000000000000e+00
0.000000000000000000e+00
0.000000000000000000e+00
0.000000000000000000e+00
0.000000000000000000e+00
0.000000000000000000e+00
0.000000000000000000e+00
0.000000000000000000e+00
0.000000000000000000e+00
0.000000000000000000e+00
0.000000000000000000e+00
0.000000000000000000e+00
0.000000000000000000e+00
0.000000000000000000e+00
0.000000000000000000e+00
0.000000000000000000e+00
0.000000000000000000e+00
0.000000000000000000e+00
0.000000000000000000e+00
0.000000000000000000e+00
0.000000000000000000e+00
0.000000000000000000e+00
0.000000000000000000e+00
0.000000000000000000e+00
0.000000000000000000e+00
0.000000000000000000e+00
0.000000000000000000e+00
0.000000000000000000e+00
0.000000000000000000e+00
0.000000000000000000e+00
0.000000000000000000e+00
0.000000000000000000e+00
0.000000000000000000e+00
0.000000000000000000e+00
0.000000000000000000e+00
0.000000000000000000e+00
0.000000000000000000e+00
0.000000000000000000e+00
0.000000000000000000e+00
0.000000000000000000e+00
0.000000000000000000e+00
0.000000000000000000e+00
0.000000000000000000e+00
0.000000000000000000e+00
0.000000000000000000e+00
0.000000000000000000e+00
