0
0
0.0
0.0
0.0
0.0
0.0
1.27296447e-05
0.0001911607303
0.00025604291207
0.00025453021317
0.00025111019766
0.0002542411561
0.00025539761037
0.00025630904421
0.00025627423134
0.00025536351758
0.000254044683
0.00025262452148
0.00025117585794
0.00025233794184
0.0002481537396
0.00024662384524
0.00024510514755
0.00024360587529
0.00024213120348
0.0002432399415
0.00023925808266
0.00023786383637
0.00023647134205
0.0002375520752
0.00023359628896
0.00023211892529
0.00023308853899
0.0002291944604
0.00023024872724
0.00022652388632
0.0002276595112
0.00022400396315
0.00022508212375
0.00022137137768
0.00022231963858
0.00021855316186
0.00021942608594
0.00021569034098
0.0002165595175
0.00021510746462
0.00021128907434
0.000211634977
0.0002091172437
0.0002058199555
0.0001998954596
0.0001986611917
0.00019721732305
0.00019886993105
0.0002033248869
0.0002063626893
0.00021205739614
0.00021239299872
0.000209896762
0.0002060471962
0.00020226383318
0.00019925825992
0.00019709175665
0.00019552845347
0.00019431210402
0.0001932716155
0.00019231936325
0.00019141852772
0.00019055601861
0.00019171971642
0.0001889193058
0.00018814686685
0.00018740214025
0.0001866966924
0.0001880148519
0.000185537995
0.00018522461145
0.00018716922086
0.00018563528979
0.0001865441418
0.00018991783152
0.00018965921964
0.00019341228816
0.00019276182746
0.00019542336177
0.00019307740895
0.00019388646525
0.00019001784955
0.00018989303184
0.00018593709248
0.00018629945496
0.000183308147
0.00018471166515
0.00018464691357
0.0001830208971
0.00018552850455
0.00018633358833
0.00018732045057
0.00018649062927
0.00018971002704
0.00019105737504
0.0001924282792
0.00019372768104
0.00019481381616
0.00019345070386
0.00019549738116
0.00019453685088
0.0001922722284
0.00018839390712
0.00018266956096
0.000175001733
0.00016547188032
0.0001543572384
0.00014210472852
0.00013055852348
0.0001163573634
0.0001041654588
9.3007242454e-05
8.3160188364e-05
7.4735162634e-05
6.8373447403e-05
6.1868183943e-05
5.7170305233e-05
5.3339079957e-05
5.0696316837e-05
4.7534833948e-05
4.5311019714e-05
4.3838781383e-05
4.170801987e-05
4.064857264e-05
3.8918131354e-05
3.8144961616e-05
3.671311257e-05
3.6163311145e-05
3.4974064815e-05
3.4613489584e-05
3.3631696332e-05
3.3438373624e-05
3.263689608e-05
3.2592131726e-05
3.2277967454e-05
3.170438004e-05
3.1861035472e-05
3.1764013618e-05
3.1435212e-05
3.1891988994e-05
3.2216930796e-05
3.28451834e-05
3.395482082e-05
3.54518248e-05
3.8905697478e-05
4.394362596e-05
5.2008558872e-05
6.4679737358e-05
8.4148127512e-05
0.00011328246476
0.00015558507284
0.0002149722544
0.00029532579351
0.00039980183259
0.00052994976674
0.00068477540752
0.00085995613949
0.00104745474685
0.0012494314784
0.0014124743506
0.0015589526889
0.0016633390995
0.0017152064596
0.0017265728102
0.0016447777836
0.0015298534256
0.0013885093495
0.0011930719175
0.00100221402992
0.00082210436518
0.0006397397231
0.00049288820405
0.00036179297929
0.00026477239196
0.00018662283262
0.00013339218288
9.4116978824e-05
6.9601189826e-05
5.2742946758e-05
4.3274146447e-05
3.6971674184e-05
3.3995920421e-05
3.2155773347e-05
3.0880184983e-05
3.0720249752e-05
3.0492255674e-05
3.0392717509e-05
3.0046022152e-05
3.0348269963e-05
3.0354588159e-05
3.0367655071e-05
3.038435424e-05
3.040337283e-05
3.0113591817e-05
3.0446131365e-05
3.0469501788e-05
3.0493767836e-05
3.0518666229e-05
3.0543975293e-05
3.0569539098e-05
3.0595287904e-05
3.0621266795e-05
3.0647596935e-05
3.0987580125e-05
3.0702244473e-05
3.0730624822e-05
3.075994913e-05
3.0790259584e-05
3.0821556866e-05
3.116882103e-05
3.0887366929e-05
3.0921543541e-05
3.1272820524e-05
3.0993495812e-05
3.1031216314e-05
3.1387737627e-05
3.1111954013e-05
3.1155004425e-05
3.1518843697e-05
3.1248345463e-05
3.1618235615e-05
3.1352279952e-05
3.1729511498e-05
3.146961987e-05
3.185669289e-05
3.1605911638e-05
3.2007302844e-05
3.1770743543e-05
3.2193177187e-05
3.2304521664e-05
3.2102094864e-05
3.2570688135e-05
3.2729267979e-05
3.2904730666e-05
3.276056333e-05
3.329798525e-05
3.3511167738e-05
3.3728005215e-05
3.3941987348e-05
3.3800093049e-05
3.433100147e-05
3.4494392154e-05
3.4628915376e-05
3.473121157e-05
3.480015627e-05
3.4836953922e-05
3.4845027076e-05
3.4829607558e-05
3.4797178929e-05
3.4754818675e-05
3.4709535474e-05
3.5017701404e-05
3.4634355354e-05
3.4614163499e-05
3.4609345164e-05
3.4621207335e-05
3.4649962556e-05
3.5045739008e-05
3.4755792612e-05
3.4829623314e-05
3.5268565411e-05
3.5012562649e-05
3.511765911e-05
3.558677095e-05
3.5350591935e-05
3.5475122783e-05
3.5964550576e-05
3.5738611542e-05
3.6238053792e-05
3.6015608502e-05
3.652330009e-05
3.6302793235e-05
3.6817826995e-05
3.6598576608e-05
3.712083183e-05
3.7276441867e-05
3.7059358413e-05
3.7593558342e-05
3.7757061568e-05
3.754352302e-05
3.809160436e-05
3.8264616594e-05
3.8441010932e-05
3.8233706571e-05
3.8802169855e-05
3.898870945e-05
3.917856409e-05
3.9371686995e-05
3.9568047145e-05
3.976763869e-05
3.9970486245e-05
4.0176651545e-05
3.9981316305e-05
4.059718313e-05
4.1223151425e-05
4.103663175e-05
4.1261054505e-05
4.1489431285e-05
4.172179091e-05
4.195809889e-05
4.219827968e-05
4.244220591e-05
4.268970631e-05
4.3371270614e-05
4.3197208174e-05
4.3454285346e-05
4.3714155818e-05
4.4417739418e-05
4.424419727e-05
4.451130254e-05
4.5229424515e-05
4.5053252251e-05
4.5778678209e-05
4.5596875525e-05
4.586446529e-05
4.658959069e-05
4.638355934e-05
4.7091778812e-05
4.6848297456e-05
4.7514754255e-05
4.7677346107e-05
4.7318955791e-05
4.7847448579e-05
4.735620341e-05
4.772380082e-05
4.7513022887e-05
4.6716802636e-05
4.6720576056e-05
4.6106663093e-05
4.5333089298e-05
4.395800427e-05
4.329275095e-05
4.2013829208e-05
4.0572217386e-05
3.8979719654e-05
3.7253167447e-05
3.5413898075e-05
3.348685925e-05
3.1197572466e-05
2.9500876766e-05
2.747939354e-05
2.5482536633e-05
2.3535448485e-05
2.1865314588e-05
1.9856542902e-05
1.817419663e-05
1.660363959e-05
1.5149521143e-05
1.3812640518e-05
1.2590523183e-05
1.1586571446e-05
1.04589009602e-05
9.544636192e-06
8.7160419284e-06
8.0396103124e-06
7.2743322772e-06
6.6518352346e-06
6.1401689502e-06
5.55558669e-06
5.0757986782e-06
4.6773090294e-06
4.2213533154e-06
3.8808089658e-06
3.4933705926e-06
3.2030321826e-06
2.8763568055e-06
2.6328668427e-06
2.363695454e-06
2.1683780673e-06
1.9590258265e-06
1.8203778693e-06
1.6985971737e-06
1.6057187926e-06
1.5992682075e-06
1.6465561469e-06
1.7655020293e-06
2.0349075621e-06
2.4386913651e-06
3.0370003983e-06
3.8836026642e-06
4.9870263385e-06
6.5740015887e-06
8.5916450838e-06
1.1177271265e-05
1.4430475899e-05
1.8451512561e-05
2.333510615e-05
2.916280401e-05
3.5994264687e-05
4.3857812623e-05
5.274115788e-05
6.2582999244e-05
7.3266577441e-05
8.4616160769e-05
9.6397290108e-05
0.000109441925948
0.00012016822054
0.00013134082101
0.00014157880689
0.00015051302751
0.00015938039785
0.00016320591105
0.00016639354593
0.00016729610067
0.00016748517917
0.00016213882182
0.00015781037704
0.00014852348826
0.00013922237706
0.00012989791192
0.00011719068948
0.000106296292994
9.3224943786e-05
8.2201860492e-05
7.0083014148e-05
6.0073247136e-05
5.0231214468e-05
4.1043434331e-05
3.3717203003e-05
2.6781424167e-05
2.1387125686e-05
1.6655522049e-05
1.27868912544e-05
9.5966926281e-06
7.2415573753e-06
5.3271095612e-06
3.8632020594e-06
2.7618386646e-06
1.9307176008e-06
1.35719998411e-06
9.2968310879e-07
6.2779336288e-07
4.1791500262e-07
2.7425048652e-07
1.7741633696e-07
1.1314246863e-07
7.112832792e-08
4.4080232395e-08
2.69295963e-08
1.62182036042e-08
9.6287369218e-09
5.6356715275e-09
3.252151437e-09
1.864103851e-09
1.03318533966e-09
5.7299112734e-10
3.1482762693e-10
1.725441009e-10
9.6469816635e-11
5.5309385405e-11
3.5439806522e-11
2.6810451268e-11
2.3743756613e-11
2.4300999966e-11
2.7043094871e-11
3.0410501616e-11
3.508552229e-11
3.9466615244e-11
4.493505072e-11
4.9675832844e-11
5.5307521425e-11
5.9665411221e-11
6.4824087726e-11
6.8242317418e-11
7.2350840656e-11
7.505762563e-11
7.616515574e-11
7.7837337812e-11
7.7822731268e-11
7.6122420065e-11
7.4987560351e-11
7.2256295763e-11
6.8770283326e-11
6.4049125672e-11
6.0075942641e-11
5.5105059064e-11
4.9925192408e-11
4.4677096045e-11
3.9489966442e-11
3.4476651017e-11
2.9466317136e-11
2.536380325e-11
2.1341672928e-11
1.7737193578e-11
1.456074038e-11
1.19080559619e-11
9.4352604021e-12
7.463188105e-12
5.8308873782e-12
4.499703078e-12
3.4298182314e-12
2.5822326939e-12
1.920241606e-12
1.42197764415e-12
1.0200288116e-12
7.3084369212e-13
5.1721406588e-13
3.6441573543e-13
2.4870466482e-13
1.695827456e-13
1.1510197083e-13
7.5676124892e-14
5.0099234145e-14
3.2130571191e-14
2.05946955396e-14
1.31389108494e-14
8.121260978e-15
5.054130663e-15
3.046756498e-15
1.849439577e-15
1.09521937155e-15
6.3580540076e-16
3.7174239015e-16
2.1045457851e-16
1.2001139487e-16
6.672825067e-17
3.6377347792e-17
1.9978900445e-17
1.06959010845e-17
5.6542317699e-18
2.9314733686e-18
1.5313208592e-18
7.7961465685e-19
3.919868106e-19
1.9465866105e-19
8.56945375e-20
2.01341448e-20
0.0
0.0
0.0
0.0
0.0
0.0
0.0
0.0
0.0
0.0
0.0
0.0
0.0
0.0
0.0
0.0
0.0
0.0
0.0
0.0
0.0
0.0
0.0
0.0
0.0
0.0
0.0
0.0
0.0
0.0
0.0
0.0
0.0
0.0
0.0
0.0
0.0
0.0
0.0
0.0
0.0
0.0
0.0
0.0
0.0
0.0
0.0
0.0
0.0
0.0
0.0
0.0
0.0
0.0
0.0
0.0
0.0
0.0
0.0
0.0
0.0
0.0
0.0
0.0
0.0
0.0
0.0
0.0
0.0
0.0
0.0
0.0
0.0
0.0
0.0
0.0
0.0
0.0
0.0
0.0
0.0
0.0
0.0
0.0
0.0
0.0
0.0
0.0
0.0
0.0
0.0
0.0
0.0
0.0
0.0
0.0
0.0
0.0
0.0
0.0
0.0
0.0
0.0
0.0
0.0
0.0
0.0
0.0
0.0
0.0
0.0
0.0
0.0
0.0
0.0
0.0
0.0
0.0
0.0
0.0
0.0
0.0
0.0
0.0
0.0
0.0
0.0
0.0
0.0
0.0
0.0
0.0
0.0
0.0
0.0
0.0
0.0
0.0
0.0
0.0
0.0
0.0
0.0
0.0
0.0
0.0
0.0
0.0
0.0
0.0
0.0
0.0
0.0
0.0
0.0
0.0
0.0
0.0
0.0
0.0
0.0
0.0
0.0
0.0
0.0
0.0
0.0
0.0
0.0
0.0
0.0
0.0
0.0
0.0
0.0
0.0
0.0
0.0
0.0
0.0
0.0
0.0
0.0
0.0
0.0
0.0
0.0
0.0
0.0
0.0
0.0
0.0
0.0
0.0
0.0
0.0
0.0
0.0
0.0
0.0
0.0
0.0
0.0
0.0
0.0
0.0
0.0
0.0
0.0
0.0
0.0
0.0
0.0
0.0
0.0
0.0
0.0
0.0
0.0
0.0
0.0
0.0
0.0
0.0
0.0
0.0
0.0
0.0
0.0
0.0
0.0
0.0
0.0
0.0
0.0
0.0
0.0
0.0
0.0
0.0
0.0
0.0
0.0
0.0
0.0
0.0
0.0
0.0
0.0
0.0
0.0
0.0
0.0
0.0
0.0
0.0
0.0
0.0
0.0
0.0
0.0
0.0
0.0
0.0
0.0
0.0
0.0
0.0
0.0
0.0
0.0
0.0
0.0
0.0
0.0
0.0
0.0
0.0
0.0
0.0
0.0
0.0
0.0
0.0
0.0
0.0
0.0
0.0
0.0
0.0
0.0
0.0
0.0
0.0
0.0
0.0
0.0
0.0
0.0
0.0
0.0
0.0
0.0
0.0
0.0
0.0
0.0
0.0
0.0
0.0
0.0
0.0
0.0
0.0
0.0
0.0
0.0
0.0
0.0
0.0
0.0
0.0
0.0
0.0
0.0
0.0
0.0
0.0
0.0
0.0
0.0
0.0
0.0
0.0
0.0
0.0
0.0
0.0
0.0
0.0
0.0
0.0
0.0
0.0
0.0
0.0
0.0
0.0
0.0
0.0
0.0
0.0
0.0
0.0
0.0
0.0
0.0
0.0
0.0
0.0
0.0
0.0
0.0
0.0
0.0
0.0
0.0
0.0
0.0
0.0
0.0
0.0
0.0
0.0
0.0
0.0
0.0
0.0
0.0
0.0
0.0
0.0
0.0
0.0
0.0
0.0
0.0
0.0
0.0
0.0
0.0
0.0
0.0
0.0
0.0
0.0
0.0
0.0
0.0
0.0
0.0
0.0
0.0
0.0
0.0
0.0
0.0
0.0
0.0
0.0
0.0
0.0
0.0
0.0
0.0
0.0
0.0
0.0
0.0
0.0
0.0
0.0
0.0
0.0
0.0
0.0
0.0
0.0
0.0
0.0
0.0
0.0
0.0
0.0
0.0
0.0
0.0
0.0
0.0
0.0
0.0
0.0
0.0
0.0
0.0
0.0
0.0
0.0
0.0
0.0
0.0
0.0
0.0
0.0
0.0
0.0
0.0
0.0
0.0
0.0
0.0
0.0
0.0
0.0
0.0
0.0
0.0
0.0
0.0
0.0
0.0
0.0
0.0
0.0
0.0
0.0
0.0
0.0
0.0
0.0
0.0
0.0
0.0
0.0
0.0
0.0
0.0
0.0
0.0
0.0