0.000000000000000000e+00
0.000000000000000000e+00
0.000000000000000000e+00
0.000000000000000000e+00
0.000000000000000000e+00
0.000000000000000000e+00
0.000000000000000000e+00
2.791281540000000231e-05
4.095023966000000304e-04
3.497248104200000301e-04
2.295402361199999912e-04
2.045891216100000130e-04
2.108304638500000348e-04
2.621172642899999576e-04
4.072213574899999876e-04
6.658901526200000079e-04
9.453347806000001515e-04
1.064549057000000127e-03
9.434483841599999778e-04
6.989177402400000103e-04
4.897956584400000148e-04
3.680151648300000375e-04
3.758916172300000172e-04
5.537435477499999667e-04
9.478884703500000796e-04
1.519383829300000217e-03
2.109080347400000416e-03
2.399672112099999685e-03
2.335040942700000559e-03
1.983854419500000448e-03
1.551541937999999969e-03
1.133267973519999942e-03
8.185237232799998401e-04
5.800522278200000159e-04
3.911723991399999835e-04
2.720496434200000155e-04
1.996733404200000069e-04
1.679267702000000143e-04
1.518415012000000396e-04
1.474039601000000160e-04
1.427811763899999376e-04
1.420481931499999878e-04
1.385423529199999895e-04
1.381358135399999654e-04
1.350695127399999848e-04
1.352190770599999631e-04
1.342663490800000050e-04
1.321398025200000285e-04
1.328394462000000371e-04
1.318617320499999813e-04
1.303413825999999854e-04
1.268627331500000121e-04
1.257987669999999886e-04
1.238840877999999857e-04
1.234705637000000169e-04
1.253810430000000021e-04
1.290373247700000146e-04
1.403340383299999967e-04
1.586547130000000132e-04
1.893244204200000206e-04
2.333432858599999830e-04
2.848257617200000073e-04
3.305016623600000444e-04
3.548244818699999598e-04
3.482537082699999694e-04
3.127629277200000084e-04
2.603668536199999829e-04
2.061401428000000165e-04
1.611188165400000009e-04
1.294906456600000016e-04
1.110504783600000105e-04
9.896361851999999580e-05
9.377477445500000824e-05
9.314786237000000275e-05
9.790434505500001110e-05
1.115999337000000069e-04
1.336222624000000191e-04
1.693900844500000015e-04
2.199379554300000001e-04
2.736786795500000566e-04
3.285250571100000816e-04
3.756446793600000150e-04
3.933222951600000511e-04
3.924862693199999996e-04
3.591620952299999395e-04
3.169216965900000481e-04
2.627025304000000366e-04
2.188290097499999897e-04
1.822464638500000253e-04
1.652673542399999925e-04
1.619809475799999980e-04
1.802122747199999921e-04
2.131966735800000143e-04
2.694076293300000499e-04
3.404789972999999769e-04
4.180058277500000468e-04
5.059799860500000489e-04
5.789324848099999723e-04
6.277268415900000547e-04
6.359483768299999335e-04
6.204758810400000683e-04
5.650714057799999853e-04
4.868076338000000211e-04
3.993111785400000171e-04
3.158288894400000440e-04
2.442736639600000281e-04
1.980570567599999844e-04
1.720274738000000185e-04
1.698145607999999819e-04
1.913852615999999882e-04
2.364705164799999805e-04
3.041298092399999766e-04
3.916497244800000162e-04
4.933796615999999982e-04
6.002375340599999925e-04
7.079583951599999507e-04
7.806755524799999972e-04
8.282090939999999478e-04
8.362528772000001401e-04
8.034360674400000193e-04
7.348781539200000164e-04
6.470024211900000152e-04
5.332787968799999065e-04
4.270830048599999658e-04
3.312688153799999693e-04
2.542244553299999928e-04
1.906630999299999715e-04
1.475951707500000078e-04
1.201271996200000108e-04
1.010062752899999988e-04
9.137535893200000577e-05
8.428415699600000301e-05
8.139419060699999177e-05
7.796988924000001976e-05
7.661274064500000591e-05
7.376702224499999112e-05
7.240553861299999416e-05
6.945364519599999352e-05
6.784388741599998507e-05
6.474140952000000560e-05
6.291401279000000363e-05
6.036065148500000563e-05
5.723799019499999742e-05
5.538841495199999898e-05
5.308639938800000717e-05
5.049774204000000361e-05
4.924625319000000128e-05
4.778062248500000139e-05
4.664279245300000814e-05
4.581030487399999118e-05
4.477398060800000614e-05
4.487125878799999931e-05
4.463997108199999265e-05
4.449075403999999776e-05
4.437326871599999622e-05
4.424572126400000318e-05
4.407267001000000353e-05
4.382205619999999792e-05
4.346347800000000135e-05
4.296905134000000175e-05
4.231686502500000017e-05
4.149612626299999145e-05
4.051205478999999845e-05
3.938866079700000032e-05
3.816811696000000530e-05
3.728036490499999045e-05
3.565373813799999466e-05
3.449695736200000205e-05
3.347393876400000363e-05
3.261977238000000591e-05
3.227718676700000070e-05
3.146023160500000351e-05
3.113932334400000015e-05
3.126991746899999828e-05
3.085958390099999667e-05
3.082828039400000076e-05
3.114305864599999931e-05
3.083104588599999989e-05
3.116101168899999645e-05
3.088098736500000449e-05
3.131176743000000637e-05
3.125701293000000933e-05
3.212404549000000411e-05
3.277738287200000203e-05
3.478350546299999657e-05
3.703948666699999581e-05
4.140266144800000417e-05
4.667942999299999884e-05
5.519957058699999591e-05
6.608917955499998853e-05
7.937388091500001722e-05
9.792283882799999594e-05
1.195196169920000040e-04
1.447153759799999948e-04
1.709947129800000140e-04
2.027369116200000200e-04
2.333365954500000203e-04
2.625820388500000138e-04
2.884674232400000551e-04
3.090292742600000172e-04
3.192586847400000509e-04
3.279680225400000192e-04
3.247843134700000110e-04
3.131871705900000067e-04
2.941391625099999338e-04
2.691849349099999515e-04
2.402445056900000188e-04
2.093701183500000030e-04
1.785105217300000198e-04
1.493182065699999927e-04
1.241558697299999941e-04
1.001801661200000187e-04
8.155797391999999087e-05
6.683492129600001057e-05
5.566078782599999961e-05
4.751570592800000349e-05
4.221146109599999081e-05
3.792382654300000043e-05
3.541149929100000061e-05
3.412966025700001153e-05
3.272269440899999710e-05
3.198879215899999605e-05
3.174213296699998854e-05
3.093652939999999671e-05
3.049542945800000359e-05
3.039052185400000392e-05
2.970921232500000573e-05
2.968406503100000000e-05
2.911904591400000223e-05
2.921501142500000176e-05
2.878776734099999991e-05
2.901353270000000143e-05
2.871462433699999999e-05
2.906286337900000112e-05
2.888759149399999920e-05
2.937575574400000297e-05
2.966032441799999902e-05
2.975086477300000260e-05
3.058436743499999864e-05
3.127868995200000003e-05
3.215735450400000501e-05
3.289331991900000822e-05
3.450172123500000042e-05
3.597204650400000572e-05
3.760649344799999556e-05
3.935966195200000964e-05
4.074463431600000243e-05
4.294290740499999892e-05
4.463268544200000247e-05
4.613478124499999623e-05
4.736901089799999779e-05
4.826824744499999558e-05
4.878486451799999966e-05
4.889520562499999687e-05
4.860147394199999593e-05
4.793077525500000419e-05
4.693151867499999874e-05
4.566770498399999167e-05
4.465071770399999825e-05
4.262267230800000182e-05
4.100144143800000076e-05
3.939280748099999781e-05
3.784383652499998934e-05
3.638767052800000212e-05
3.539160466800000390e-05
3.380915726400000740e-05
3.270652001099999409e-05
3.203104835199999459e-05
3.081543817700000304e-05
3.001124502000000101e-05
2.957209596000000414e-05
2.860238527799999927e-05
2.798190626400000040e-05
2.767706376999999848e-05
2.685465493199999760e-05
2.660746245799999976e-05
2.585862154800000072e-05
2.566314894999999988e-05
2.498626731999999915e-05
2.484877710999999341e-05
2.425120189799999905e-05
2.418392732199999961e-05
2.391350427200000092e-05
2.345321451000000052e-05
2.351460175999999636e-05
2.338815118599999886e-05
2.308057303000000290e-05
2.329232453999999686e-05
2.332573390799999989e-05
2.341581212799999351e-05
2.332722809100000125e-05
2.376780227500000211e-05
2.403095298500000084e-05
2.434834002499999589e-05
2.471381652500000354e-05
2.511759615499999619e-05
2.554581634000000322e-05
2.598049753999999881e-05
2.639999048999999882e-05
2.651048699999999743e-05
2.709203313999999864e-05
2.759162967500000126e-05
2.743149989499999662e-05
2.741312134000000177e-05
2.725268251999999925e-05
2.694601829999999991e-05
2.649687426499999627e-05
2.591670692499999746e-05
2.522370667000000197e-05
2.444125462500000098e-05
2.382752024699999788e-05
2.270675766599999701e-05
2.181833528800000092e-05
2.094633136199999888e-05
2.030824758600000365e-05
1.932113443199999994e-05
1.860289432999999893e-05
1.813113291399999629e-05
1.737301063599999617e-05
1.703485307900000158e-05
1.642714770000000047e-05
1.605244818499999875e-05
1.588936245999999540e-05
1.546117570999999965e-05
1.538589684199999971e-05
1.504296117799999937e-05
1.503292596600000006e-05
1.489897816399999913e-05
1.464236154399999919e-05
1.469828870600000154e-05
1.447988812999999999e-05
1.456598107999999909e-05
1.452051548699999756e-05
1.434457357800000035e-05
1.446835852499999793e-05
1.446252968799999760e-05
1.447289285200000071e-05
1.435931540000000070e-05
1.455809915000000010e-05
1.464645997299999814e-05
1.477800161500000534e-05
1.496572260200000017e-05
1.522557861500000127e-05
1.557642169999999746e-05
1.603963203499999998e-05
1.647012660400000214e-05
1.738804115000000316e-05
1.832630452700000190e-05
1.946635771900000352e-05
2.082281512000000226e-05
2.263306887300000025e-05
2.422113472300000246e-05
2.622728801400000037e-05
2.840844241000000178e-05
3.072103951000000068e-05
3.310780620500000296e-05
3.549951170300000015e-05
3.820349807699998637e-05
4.000050748899999797e-05
4.192080999400000574e-05
4.352381461999999917e-05
4.519054449200000299e-05
4.553266868400000062e-05
4.584540004600000108e-05
4.613061647999999721e-05
4.504199899999999728e-05
4.397423089600000184e-05
4.293671761800000024e-05
4.073734126600000337e-05
3.909629236800000150e-05
3.652278117099999740e-05
3.458382425100001097e-05
3.195257753000000094e-05
3.000518177399999454e-05
2.757395426000000028e-05
2.583704952599999704e-05
2.377032786599999592e-05
2.237263567799999993e-05
2.094115080599999321e-05
1.953425961399999887e-05
1.872149773500000102e-05
1.791193859099999777e-05
1.712799022200000218e-05
1.686330244200000015e-05
1.659686438099999887e-05
1.648890821700000112e-05
1.652688531300000051e-05
1.653235767500000020e-05
1.698156305400000613e-05
1.736868974100000274e-05
1.783710816899999763e-05
1.836526119299999608e-05
1.892945892299999910e-05
1.950441668300000216e-05
2.006404808699999845e-05
2.058253988400000098e-05
2.103551273799999816e-05
2.140126734299999936e-05
2.166190657500000158e-05
2.180428346999999591e-05
2.182063629600000115e-05
2.170884835799999902e-05
2.168127198500000060e-05
2.111567136099999989e-05
2.065855379999999999e-05
2.011407018000000262e-05
1.950021848500000266e-05
1.901707066699999662e-05
1.813252870799999999e-05
1.742151406799999892e-05
1.671160263700000121e-05
1.616969154199999871e-05
1.533917570100000368e-05
1.484380693100000076e-05
1.410047331900000023e-05
1.354885106700000047e-05
1.317055442000000084e-05
1.258703056499999890e-05
1.230342906499999968e-05
1.183505488499999843e-05
1.165539931200000114e-05
1.130737454299999833e-05
1.124200060699999522e-05
1.112866843999999887e-05
1.097434610399999964e-05
1.110362068800000207e-05
1.108706658899999909e-05
1.135996067799999953e-05
1.159817333900000014e-05
1.190917401199999874e-05
1.216949182800000139e-05
1.273464138199999957e-05
1.324344762799999967e-05
1.380523488400000031e-05
1.440987780299999993e-05
1.489602587699999993e-05
1.569089783399999784e-05
1.634428701200000365e-05
1.698271501000000008e-05
1.758939891000001034e-05
1.814780153999999936e-05
1.864232399100000222e-05
1.905895212899999774e-05
1.938583964399999681e-05
1.961383866599999620e-05
1.973685564399999779e-05
1.975206227399999947e-05
1.965998297200000284e-05
1.946438720699999938e-05
1.917204510800000268e-05
1.897266368000000256e-05
1.833214985500000794e-05
1.781363381000000470e-05
1.724705827700000229e-05
1.664729224400000093e-05
1.618174818899999895e-05
1.540106459399999991e-05
1.478857302000000013e-05
1.433284485600000031e-05
1.363421070600000119e-05
1.311761508300000017e-05
1.277024099599999936e-05
1.223164012299999988e-05
1.198905562400000093e-05
1.157551638800000097e-05
1.144717728999999985e-05
1.115700497700000151e-05
1.113971125799999938e-05
1.095972102000000666e-05
1.103963871299999944e-05
1.094774493800000040e-05
1.110263668400000073e-05
1.117829886000000072e-05
1.116399008399999766e-05
1.137705758800000146e-05
1.148456204799999967e-05
1.147434447799999764e-05
1.167336763000000128e-05
1.174060867699999990e-05
1.178060405999999855e-05
1.167477065100000080e-05
1.175926931400000220e-05
1.169106743099999988e-05
1.158224495400000091e-05
1.143300605999999917e-05
1.124498468999999922e-05
1.102111284800000111e-05
1.066323804700000030e-05
1.048581853499999878e-05
1.018235163159999886e-05
9.863654106799998335e-06
9.535777235599999960e-06
9.291474030299999508e-06
8.872303588200000199e-06
8.550082294499998498e-06
8.238656421399998382e-06
7.941048712599999560e-06
7.659334085999999856e-06
7.394653563500000067e-06
7.147288894500000058e-06
6.982217568000000876e-06
6.700039939000000368e-06
6.499712164600000315e-06
6.311905223900000109e-06
6.192968891099999605e-06
5.965130818399999929e-06
5.804632196000000619e-06
5.704149675000000887e-06
5.500796147999999920e-06
5.408856793199999165e-06
5.219699602199999950e-06
5.089142196000000291e-06
5.013161470799999660e-06
4.850388116300000282e-06
4.791049378499999873e-06
4.651842761000000509e-06
4.614879378000000009e-06
4.546702984499999996e-06
4.450664249499999974e-06
4.455294542100000113e-06
4.390079966599999252e-06
4.424382712500000492e-06
4.431232938200000439e-06
4.409905574800000608e-06
4.487186743799999622e-06
4.535742757800000203e-06
4.597782976200000913e-06
4.628714844000000314e-06
4.763181911999999167e-06
4.869581550000000130e-06
4.994122276499999406e-06
5.139557554500000022e-06
5.309282096999999890e-06
5.507299414499999711e-06
5.738017033500000382e-06
6.006086504999999621e-06
6.316234092000000193e-06
6.672984854999999269e-06
7.080377089499999537e-06
7.541651785500000214e-06
8.058928335999997796e-06
8.632881296999998506e-06
9.262437394500000530e-06
9.944501780500000513e-06
1.067374262700000055e-05
1.144245580499999896e-05
1.224050467500000007e-05
1.318367246000000098e-05
1.388022490800000068e-05
1.468280908500000093e-05
1.545307613499999984e-05
1.632970513199999925e-05
1.682781090000000021e-05
1.738856041999999814e-05
1.801654103900000053e-05
1.818470972700000335e-05
1.839073708799999896e-05
1.863465315600000379e-05
1.838456672499999960e-05
1.834119867499999767e-05
1.781550598500000079e-05
1.750065200299999964e-05
1.674222799200000115e-05
1.620460764700000099e-05
1.528359572500000269e-05
1.459594679200000148e-05
1.372263073600000108e-05
1.271768820000000062e-05
1.196061109000000052e-05
1.110232721800000152e-05
1.019075571200000103e-05
9.525766683600001589e-06
8.822339769000001649e-06
8.112851404199998218e-06
7.628542613199999929e-06
7.135127266999999583e-06
6.709936677400000165e-06
6.348033209899999308e-06
6.042879531899999357e-06
5.733342484799999931e-06
5.573805037999999748e-06
5.391479278999999867e-06
5.234326965000001160e-06
5.095244698299999673e-06
4.968063359899999281e-06
4.847692244300000019e-06
4.730186377500000233e-06
4.612736374699999806e-06
4.493588869099999670e-06
4.371941444099999448e-06
4.247782263099999803e-06
4.159985073500000522e-06
3.993536613099999552e-06
3.866967913899999992e-06
3.742190759500000135e-06
3.620561393499999459e-06
3.535809994699999601e-06
3.390385721599999550e-06
3.284670883700000327e-06
3.185518842500000360e-06
3.121842545699999861e-06
3.006456128500000186e-06
2.926889204300000114e-06
2.879543383900000516e-06
2.783341157799999963e-06
2.743812546799999618e-06
2.656209331000000154e-06
2.621062390200000076e-06
2.538375502300000420e-06
2.504259225500000267e-06
2.423321291399999869e-06
2.387529585299999663e-06
2.306125158300000253e-06
2.266951387499999746e-06
2.204312741300000184e-06
2.120543960199999805e-06
2.075486979800000343e-06
2.009043082599999976e-06
1.923998967599999899e-06
1.874874908800000036e-06
1.807324543600000264e-06
1.724306271600000168e-06
1.674750010500000129e-06
1.609981087100000015e-06
1.546985849399999862e-06
1.486131675000000075e-06
1.427737791499999822e-06
1.372076632600000341e-06
1.307273535499999940e-06
1.270241326900000158e-06
1.223896270500000230e-06
1.180913083999999810e-06
1.141366260000000206e-06
1.105314991950000061e-06
1.072818876250000073e-06
1.043921445340000131e-06
1.018678448800000220e-06
1.006389846480000255e-06
9.793007678200001197e-07
9.655293181099998858e-07
9.557673202699998590e-07
9.501219968799999739e-07
9.486933361600000618e-07
9.604829196899999567e-07
9.588646415199998775e-07
9.704690575100001798e-07
9.863649985199999563e-07
1.015936099560000230e-06
1.030692693639999885e-06
1.058409223389999803e-06
1.099735713609999975e-06
1.123532742300000114e-06
1.170668556199999662e-06
1.197863969000000270e-06
1.248618528000000080e-06
1.276838235300000111e-06
1.329002243200000029e-06
1.356218246099999804e-06
1.408160634900000089e-06
1.433301977299999987e-06
1.484596795200000003e-06
1.508087967399999964e-06
1.560015867599999975e-06
1.599071882999999616e-06
1.624802827499999818e-06
1.684118756999999854e-06
1.732978546200000007e-06
1.787724969300000325e-06
1.832239612300000140e-06
1.919339134200000005e-06
1.998987398100000358e-06
2.088686269400000367e-06
2.188718976300000136e-06
2.277088631699999596e-06
2.417415265799999888e-06
2.545200447800000418e-06
2.679361916399999921e-06
2.817560309399999710e-06
2.956986557600000091e-06
3.094443258599999573e-06
3.226457039399999934e-06
3.349406897999999044e-06
3.459667660200000246e-06
3.553763689799999816e-06
3.628514362200000862e-06
3.681178852200000523e-06
3.709555219599999918e-06
3.746343285300000250e-06
3.687579366900000425e-06
3.636643351799999184e-06
3.559882737499999691e-06
3.458783146499999614e-06
3.365723984500000152e-06
3.191283080099999732e-06
3.031987681900000074e-06
2.885452507500000089e-06
2.676649806000000384e-06
2.489531433000000042e-06
2.320759714000000058e-06
2.110689105000000574e-06
1.944061512700000188e-06
1.748658060299999793e-06
1.594774847100000166e-06
1.422290173799999912e-06
1.288111525100000271e-06
1.142786743559999920e-06
1.031533110540000264e-06
9.139584294000000118e-07
8.256164444999998648e-07
7.335764885700000227e-07
6.658110360900000601e-07
6.006387054399999709e-07
5.393141453399999028e-07
4.954157441400000326e-07
4.527047958900000703e-07
4.154206570300001049e-07
3.792877843700000439e-07
3.538963851900000531e-07
3.279331903999999572e-07
3.045192680899999718e-07
2.832401933999999265e-07
2.637954752500000438e-07
2.438116148399999689e-07
2.298560749599999786e-07
2.150554780500000133e-07
2.017747535500000085e-07
1.900925734199999830e-07
1.801268993399999645e-07
1.720252064399999859e-07
1.659566829499999858e-07
1.621050123100000283e-07
1.606622932200000167e-07
1.633209942599999811e-07
1.658451490400000175e-07
1.728324973199999932e-07
1.829718755499999882e-07
1.964077655599999930e-07
2.132529592900000142e-07
2.358285075000000005e-07
2.576435459300000540e-07
2.849675622699999448e-07
3.156436172999999895e-07
3.528524594499999243e-07
3.865536786900000582e-07
4.258226918200000015e-07
4.716162884400000707e-07
5.103262307599999682e-07
5.592500985099999337e-07
5.981200205299998754e-07
6.472836424000001782e-07
6.831795343500001125e-07
7.292365161500001630e-07
7.588516131599999415e-07
7.983569015400000126e-07
8.186024793400000614e-07
8.483949329500000054e-07
8.568325270700000055e-07
8.745862818599999173e-07
8.778333211300000189e-07
8.663657646500000420e-07
8.641086503500001015e-07
8.473808685499999666e-07
8.245450804499999662e-07
7.890338511499999648e-07
7.631014787000001097e-07
7.255774771000000969e-07
6.846713490999998882e-07
6.412302791999999751e-07
5.908903791399998993e-07
5.505370246399999990e-07
5.044743266000000625e-07
4.590484020099999631e-07
4.148954182299999827e-07
3.725574915500000389e-07
3.324771278899999945e-07
2.950071312099999168e-07
2.603739982100000532e-07
2.287106288500000139e-07
2.000668798700000060e-07
1.744162285300000276e-07
1.516680794900000109e-07
1.327937710799999930e-07
1.141234854600000170e-07
9.910610833499999095e-08
8.623553275500001351e-08
7.528923652999999224e-08
6.659144596999999263e-08
5.816937754000000184e-08
5.164578517000000782e-08
4.619411247000000649e-08
4.200660647400000821e-08
3.782276289000000790e-08
3.466362531400000531e-08
3.230252236899999845e-08
2.979003724099999389e-08
2.817855004199999888e-08
2.635150872799999810e-08
2.525018905199999963e-08
2.389969223500000366e-08
2.316265804500000558e-08
2.216275819500000125e-08
2.170548182399999650e-08
2.098269733899999869e-08
2.075921925600000293e-08
2.045503238400000151e-08
2.007519906199999933e-08
2.016099579000000479e-08
2.016074577000000152e-08
2.007027263999999730e-08
2.043252077699999938e-08
2.069617885799999832e-08
2.084610262899999586e-08
2.144539941599999847e-08
2.192035849999999392e-08
2.245037034000000244e-08
2.302571819200000214e-08
2.363629768799999949e-08
2.427141518100000486e-08
2.469256813300000108e-08
2.556494790600000013e-08
2.620702266499999971e-08
2.682969762899999829e-08
2.742298909399999740e-08
2.797779145799999919e-08
2.848678719899999877e-08
2.894411086500000132e-08
2.961161639800000057e-08
2.969179262399998920e-08
2.997601209299999608e-08
3.020292282499999652e-08
3.037541746200000236e-08
3.049765823200000453e-08
3.057479083499999725e-08
3.088891133599999813e-08
3.061852950599999592e-08
3.059709168700000673e-08
3.082922567200000091e-08
3.049361621999999806e-08
3.041941832100000010e-08
3.060548376200000471e-08
3.023215703199999426e-08
3.011784013499999935e-08
3.025494633600000175e-08
2.982874501599999914e-08
2.991062496800000039e-08
2.942268961200000028e-08
2.942163628700000159e-08
2.884559292600000383e-08
2.873273063700000064e-08
2.804518648200000283e-08
2.779687373599999723e-08
2.722533461600000045e-08
2.635087186800000453e-08
2.588509088600000192e-08
2.511659849999999859e-08
2.407897320200000507e-08
2.342777028799999918e-08
2.251802207900000080e-08
2.139329869799999571e-08
2.064037479800000158e-08
1.968974330399999946e-08
1.875156342699999697e-08
1.783879696400000118e-08
1.696377241299999943e-08
1.599726824899999610e-08
1.537768465799999791e-08
1.467843257799999977e-08
1.405407427200000096e-08
1.350920539999999970e-08
1.304683520000000136e-08
1.266806710000000122e-08
1.237221841999999969e-08
1.215690531999999854e-08
1.201820832800000157e-08
1.195102463199999999e-08
1.205603972899999934e-08
1.200561970099999980e-08
1.211134099999999957e-08
1.225834783899999888e-08
1.243829613600000077e-08
1.264292698400000027e-08
1.298021259600000043e-08
1.309718575699999962e-08
1.333057135899999992e-08
1.368265871299999985e-08
1.378416395599999894e-08
1.399341215999999966e-08
1.431487705199999946e-08
1.436557612800000080e-08
1.452377601400000171e-08
1.479490218599999929e-08
1.478586077500000072e-08
1.502365242000000077e-08
1.498020376300000068e-08
1.519071383199999974e-08
1.512109256600000149e-08
1.531220574399999941e-08
1.536127640599999739e-08
1.526831535899999827e-08
1.544394531999999963e-08
1.534325621500000001e-08
1.551412428599999864e-08
1.554583142800000242e-08
1.543692684200000066e-08
1.560034384799999837e-08
1.562164530100000209e-08
1.563721937300000105e-08
1.550704280199999855e-08
1.564504311199999945e-08
1.563424811299999788e-08
1.561157915400000237e-08
1.557565257300000267e-08
1.552523379799999984e-08
1.545925919500000378e-08
1.537676495499999876e-08
1.527692061999999595e-08
1.515924945399999851e-08
1.502321956100000124e-08
1.486834666799999939e-08
1.469416530699999989e-08
1.450017889200000039e-08
1.428587301799999993e-08
1.405054231999999726e-08
1.379365324600000150e-08
1.351473944400000018e-08
1.321333005200000105e-08
1.300160641399999861e-08
1.253860406399999977e-08
1.216819079800000113e-08
1.177525441139999931e-08
1.145909998260000173e-08
1.092135958089999877e-08
1.046738807920000086e-08
9.996987769900000504e-09
9.594777840199999579e-09
9.013417132500000702e-09
8.584084665299999790e-09
8.000430208600001936e-09
7.558592701200000102e-09
6.988302351199999885e-09
6.494510260400001035e-09
6.063442849599999424e-09
5.588161143299999393e-09
5.088433775200000215e-09
4.700045153699999790e-09
4.252659460999999889e-09
3.905808220800000398e-09
3.516548851600000017e-09
3.216618692400000192e-09
2.911447896199999747e-09
2.633379535800000239e-09
2.361825931999999643e-09
2.157347457000000025e-09
1.954822638599999555e-09
1.774490291399999868e-09
1.601049211799999984e-09
1.474386392399999986e-09
1.349567537400000031e-09
1.239584543400000108e-09
1.142730527999999832e-09
1.057282860519999869e-09
9.816222384900000086e-10
9.143637404100000811e-10
8.542789051799999331e-10
8.002962897000001345e-10
7.514957341800001064e-10
7.071169008800000017e-10
6.665071430700000748e-10
6.290963706699998454e-10
5.944447891499999595e-10
5.621909815499997986e-10
5.320361441799999838e-10
5.037305720999999539e-10
4.770676409700000870e-10
4.557250206999999200e-10
3.428496390220000002e-09
4.049947148399999824e-10
3.832463459800000575e-10
3.654781587400000127e-10
3.421428332999999463e-10
3.227663711399999756e-10
3.065859997000000378e-10
2.856158447999999713e-10
2.678801029500000061e-10
2.527197498300000169e-10
6.725204991999999727e-11
6.725204991999999727e-11
6.725204991999999727e-11
6.725204991999999727e-11
6.725204991999999727e-11
6.725204991999999727e-11
6.725204991999999727e-11
6.725204991999999727e-11
6.725204991999999727e-11
6.725204991999999727e-11
6.725204991999999727e-11
6.725204991999999727e-11
6.725204991999999727e-11
6.725204991999999727e-11
6.725204991999999727e-11
6.725204991999999727e-11
6.725204991999999727e-11
6.725204991999999727e-11
6.725204991999999727e-11
6.725204991999999727e-11
6.725204991999999727e-11
6.725204991999999727e-11
6.725204991999999727e-11
6.725204991999999727e-11
6.725204991999999727e-11
6.725204991999999727e-11
6.725204991999999727e-11
6.725204991999999727e-11
6.725204991999999727e-11
6.725204991999999727e-11
6.725204991999999727e-11
6.725204991999999727e-11
6.725204991999999727e-11
6.725204991999999727e-11
6.725204991999999727e-11
6.725204991999999727e-11
6.725204991999999727e-11
6.725204991999999727e-11
6.725204991999999727e-11
