0.000000000000000000e+00
0.000000000000000000e+00
0.000000000000000000e+00
0.000000000000000000e+00
0.000000000000000000e+00
0.000000000000000000e+00
0.000000000000000000e+00
2.703498840000000689e-04
3.919201926000000398e-03
2.355101326030000376e-03
5.665192338300000961e-04
2.942463921900000004e-04
3.082702669500000025e-04
3.931405507899999739e-04
5.330696311900000621e-04
6.723669812500000700e-04
7.397571527699998420e-04
7.097123829500001993e-04
6.178550102300000603e-04
5.297673429099998728e-04
4.976757366099999330e-04
5.242673895699999842e-04
6.719363325300001027e-04
1.051273598200000089e-03
1.770285387599999970e-03
2.760249576699999596e-03
3.739763324599999772e-03
4.185447175299999469e-03
4.064249500300000026e-03
3.535935137499999267e-03
2.944355709999999827e-03
2.383979309199999851e-03
1.952653575200000201e-03
1.576716261099999836e-03
1.201191617900000371e-03
9.168996115300001321e-04
6.967121421699998870e-04
5.649583901999999771e-04
4.700347812000000669e-04
4.167418571999999873e-04
3.792094662000000259e-04
3.730410745899999294e-04
3.771031349099999985e-04
3.955096091799999527e-04
3.963317694200000274e-04
3.849954704200000011e-04
3.484405098000000031e-04
2.981944252800000162e-04
2.570131482000000155e-04
2.244086311499999902e-04
2.056645967499999615e-04
1.947120608999999836e-04
1.920033344999999894e-04
1.872798879000000182e-04
1.813207477999999881e-04
1.745975694999999967e-04
1.661134966700000359e-04
1.613718770299999990e-04
1.550495618200000672e-04
1.492532005900000297e-04
1.446769128199999754e-04
1.422322019100000071e-04
1.430778635199999704e-04
1.489295614299999937e-04
1.622753601400000166e-04
1.859902194699999804e-04
2.220172546799999884e-04
2.693349161000000379e-04
3.223491726699999208e-04
3.713594374899999899e-04
4.103918838600000224e-04
4.214676959999999516e-04
4.243220173499999978e-04
4.358233319500001528e-04
4.878698529999999397e-04
6.218636388000000443e-04
8.412607677999999357e-04
1.162763430200000007e-03
1.564543407999999941e-03
1.928775692700000419e-03
2.219191877199999836e-03
2.374472692799999961e-03
2.285341887200000293e-03
2.065119932399999900e-03
1.687695461100000753e-03
1.312416151349999867e-03
9.480759938999999996e-04
6.854223217499999998e-04
4.993017580999999398e-04
4.015982831999999900e-04
3.481269875400001129e-04
3.306448368000000073e-04
3.165705032900000210e-04
3.093999232499999668e-04
2.955962254200000154e-04
2.765032807999999974e-04
2.632869749999999526e-04
2.494927828399999938e-04
2.392596922800000023e-04
2.299070707999999836e-04
2.274547377599999906e-04
2.234101030199999783e-04
2.198633617999999992e-04
2.177924098799999947e-04
2.193951028800000065e-04
2.249628592400000247e-04
2.438601433200000054e-04
2.699267738799999896e-04
3.042249851999999973e-04
3.432927501600000148e-04
3.819220003200000284e-04
4.141126543200001004e-04
4.343039399999999630e-04
4.386020495999999559e-04
4.255851771600000204e-04
4.005387719999999843e-04
3.549654365399999498e-04
3.068582700000000276e-04
2.574791610400000395e-04
2.115982892399999684e-04
1.724646374999999946e-04
1.429352398700000151e-04
1.187801553000000034e-04
1.034728746030000096e-04
9.389344625099999638e-05
8.942182314600000744e-05
8.604031278100000325e-05
8.556688373399998757e-05
8.733546408500000608e-05
8.823469883999999737e-05
9.161559894000000928e-05
9.346562948600001491e-05
9.731051288400000172e-05
9.883643187000000778e-05
1.017175188800000039e-04
1.014625984500000034e-04
1.020268643999999985e-04
9.913722848000001194e-05
9.707447838000000028e-05
9.210571584000000131e-05
8.861566270099998331e-05
8.425864810399998387e-05
7.976711023499999896e-05
7.809725206000000966e-05
7.711468379000001219e-05
7.705552355999998747e-05
8.034200761900000577e-05
8.442538073100000961e-05
8.976169204199999617e-05
9.585931832600000455e-05
1.010332804320000159e-04
1.078321487499999954e-04
1.125197965499999891e-04
1.156370737999999967e-04
1.169197268600000010e-04
1.163772953900000043e-04
1.143080490999999894e-04
1.112648073299999957e-04
1.079739329200000048e-04
1.052219360600000072e-04
1.037294053400000045e-04
1.040331351600000116e-04
1.063954026800000084e-04
1.107534856600000104e-04
1.167175791900000115e-04
1.249286579100000326e-04
1.306630721399999935e-04
1.367767005099999888e-04
1.411774573699999804e-04
1.432109531599999900e-04
1.439775673700000155e-04
1.390449390700000166e-04
1.331906262799999641e-04
1.268020093899999774e-04
1.168382479100000051e-04
1.081240669399999944e-04
1.011880899749999924e-04
9.377031442699999895e-05
9.055797970799999558e-05
8.826580317200000039e-05
9.099954077800001735e-05
9.532608595999999765e-05
1.052922807399999939e-04
1.167769966400000016e-04
1.342532609600000050e-04
1.521514563799999812e-04
1.757213180200000032e-04
1.972125667699999865e-04
2.229820768300000043e-04
2.454824402000000327e-04
2.621561644000000037e-04
2.796325760900000672e-04
2.885453146299999739e-04
2.906416708299999589e-04
2.827881832800000265e-04
2.740905257699999655e-04
2.566590459300000480e-04
2.348383053699999745e-04
2.102832108500000225e-04
1.846957816099999952e-04
1.581210120199999850e-04
1.365652960599999795e-04
1.158985997849999939e-04
9.835969262700002284e-05
8.407207544799998392e-05
7.287697163999999660e-05
6.442613442300000311e-05
5.827243369700000529e-05
5.394530614500000229e-05
5.100463284500000421e-05
4.956564108000000951e-05
4.783575194400001149e-05
4.708881046100000194e-05
4.665228700099999861e-05
4.641467142200000206e-05
4.630374006199999750e-05
4.674758791200000558e-05
4.630537016100000103e-05
4.638174835699999417e-05
4.697812567799999938e-05
4.667674785799999959e-05
4.691296228400000212e-05
4.771661546999999941e-05
4.766739203800000050e-05
4.824062571199999355e-05
4.949668077199999923e-05
4.997012336200000189e-05
5.171679052599999812e-05
5.269173219799999235e-05
5.502431213300000936e-05
5.650615192899999739e-05
5.935865721999999657e-05
6.114977411900000175e-05
6.422147823300000181e-05
6.589948496800001731e-05
6.868220191899999764e-05
7.041950106299998805e-05
7.091873840800000210e-05
7.226727316499998311e-05
7.224668305499998462e-05
7.157903676399997989e-05
6.961869886100000482e-05
6.859481224500000630e-05
6.650228910599999862e-05
6.421497507899999750e-05
6.189061568500000426e-05
5.907944547000000052e-05
5.769149951900000962e-05
5.598539977499999651e-05
5.461070727599999508e-05
5.356283877999999866e-05
5.280189799499999969e-05
5.226046698599999741e-05
5.185311128300000626e-05
5.148635309400001020e-05
5.106842347199999925e-05
5.051803305000000598e-05
4.977176227799999389e-05
4.927649730799999058e-05
4.754489111399999747e-05
4.607740679800000235e-05
4.441732175700000251e-05
4.262812933500000463e-05
4.078922205599999688e-05
3.937312444199999613e-05
3.729559096500000692e-05
3.582429222900000579e-05
3.496314578399999486e-05
3.371153554400000514e-05
3.313889267999999509e-05
3.321533916999999393e-05
3.291931499399999411e-05
3.320230005199998848e-05
3.402132153499999210e-05
3.429798990300000466e-05
3.535545282599999355e-05
3.575291498999999903e-05
3.689857455999999859e-05
3.733282077500000245e-05
3.857498735499999910e-05
3.915066810600001054e-05
4.070065682399999480e-05
4.214109256299999813e-05
4.351875834900000294e-05
4.626464645800000146e-05
4.916403874799999925e-05
5.216148698199999729e-05
5.687088256600000092e-05
6.169917269600000388e-05
6.705642588000001059e-05
7.202470930799999022e-05
7.859808800000000952e-05
8.436521480999999753e-05
8.974173569499999028e-05
9.444752582500000923e-05
9.823256309500000760e-05
1.009030979450000035e-04
1.023434085999999914e-04
1.025296993000000210e-04
1.005276924450000154e-04
9.954480023000000213e-05
9.770646542000000075e-05
9.343121415500000150e-05
8.994674649000000471e-05
8.656329934499997771e-05
8.353142828499999107e-05
8.103540593999999746e-05
7.917709935499999394e-05
7.796947358500000392e-05
7.734005321000000628e-05
7.791489802999999902e-05
7.718208659799997789e-05
7.722602083999999571e-05
7.704486296399999895e-05
7.718969537999999697e-05
7.520211189599999607e-05
7.327473394599999415e-05
7.128612045199998574e-05
6.715136905100001371e-05
6.369766945299998990e-05
5.845966824999999678e-05
5.351547890499999867e-05
4.884671010499999486e-05
4.320394590999999886e-05
3.858350444399999196e-05
3.349218669600000607e-05
2.947486556400000389e-05
2.557837348100000044e-05
2.199276109300000334e-05
1.936464357199999930e-05
1.684370923999999983e-05
1.511895840000000029e-05
1.362648925099999828e-05
1.236930003699999864e-05
1.165372616100000026e-05
1.105064332299999687e-05
1.063911419799999869e-05
1.027431304999999888e-05
1.022721093500000049e-05
1.016064152999999857e-05
1.015580757499999606e-05
1.019510071800000199e-05
1.026490669200000074e-05
1.035456124999999807e-05
1.045550542999999799e-05
1.045557699400000051e-05
1.066291912200000140e-05
1.075908104999999715e-05
1.084344206899999688e-05
1.091201917499999881e-05
1.107026905500000063e-05
1.098983432399999979e-05
1.099470360099999978e-05
1.097594582999999813e-05
1.093386463800000030e-05
1.086961031000000042e-05
1.078507066800000189e-05
1.078796103899999969e-05
1.056443185600000038e-05
1.043570871899999816e-05
1.029890037399999880e-05
1.025725445850000334e-05
1.001302477810000112e-05
9.871578981999998997e-06
9.829934237400002946e-06
9.601810734999999784e-06
9.478564932799999357e-06
9.456416776500000665e-06
9.258425243700001088e-06
9.253575424499998055e-06
9.076654029200000422e-06
9.088328178300000669e-06
8.929714659999998786e-06
8.955010859999997278e-06
8.810822715199997940e-06
8.846518704300001287e-06
8.713565484100000327e-06
8.757766184100003646e-06
8.720174433299999447e-06
8.602622725399996671e-06
8.661085176300000837e-06
8.640815612300000240e-06
8.543612956099999671e-06
8.624194772099999480e-06
8.629856914800002648e-06
8.646113013600002339e-06
8.673595911899998283e-06
8.626962262999996356e-06
8.762469420899998758e-06
8.823612024600000969e-06
8.894520546999998544e-06
8.973622477800001496e-06
9.058873225199999261e-06
9.147812176600000043e-06
9.237654311399999925e-06
9.325408265399998944e-06
9.408016880600001504e-06
9.482511580499999659e-06
9.546171437699998841e-06
9.596672089299999409e-06
9.632211441899999794e-06
9.651609404699999748e-06
9.748964034699999823e-06
9.640430104399999445e-06
9.610925793300000892e-06
9.567193994099999530e-06
9.511092585899998740e-06
9.537035576899999405e-06
9.369904337100001368e-06
9.290263505099998888e-06
9.207464167599997983e-06
9.212613288399999902e-06
9.039599459999999974e-06
9.046065894499999988e-06
8.880214987500002237e-06
8.806676649399998813e-06
8.823045008699998887e-06
8.672903412300000112e-06
8.697678836100001192e-06
8.558165598899998344e-06
8.590779167199999201e-06
8.460407788800003358e-06
8.499279960000001089e-06
8.457780116199995510e-06
8.336903877300000590e-06
8.381003748100000216e-06
8.263201446899999070e-06
8.307601901999999366e-06
8.270331133499998045e-06
8.231940168000000774e-06
8.112499173000002655e-06
8.149896425399999182e-06
8.104854009600000482e-06
8.056738326500000784e-06
8.005289181600000730e-06
7.873450181700000414e-06
7.892521266899998859e-06
7.830734249799998356e-06
7.765781693300000243e-06
7.698018515199999898e-06
7.627919529000000278e-06
7.556072805099998897e-06
7.483172878900000316e-06
7.410013745200000980e-06
7.337476385800000429e-06
7.266516418500000013e-06
7.198150885300000851e-06
7.133437961199999856e-06
7.073453650500001344e-06
7.019264458499998785e-06
7.039378904499999758e-06
6.931955310499999911e-06
6.901053015999999696e-06
6.879451348799999818e-06
6.867651378299999515e-06
6.932622868400000156e-06
6.874503436499999491e-06
6.892986536200000763e-06
6.988344924800001002e-06
6.958243094199999279e-06
7.003158728199999225e-06
7.123773772600000475e-06
7.113182472200000446e-06
7.245245126600000134e-06
7.241093489200000151e-06
7.379283857000000008e-06
7.375882114599998430e-06
7.514618887099999464e-06
7.506427763799999592e-06
7.640234064699999921e-06
7.622193528400000168e-06
7.746061898400000194e-06
7.789114911999999558e-06
7.749035721200001558e-06
7.851410892000000032e-06
7.870815910800000171e-06
7.807300437599999581e-06
7.889938470899999237e-06
7.893884970100000959e-06
7.898526408400000225e-06
7.832573381599999262e-06
7.930208930800000490e-06
7.970758987599999571e-06
8.038720549499999850e-06
8.143622260500000279e-06
8.295744132400000763e-06
8.505765070200000229e-06
8.698347909399999713e-06
9.137723361999999604e-06
9.581621459599999922e-06
1.012005847320000091e-05
1.075771442520000106e-05
1.161070621200000058e-05
1.234231746799999981e-05
1.327386191500000095e-05
1.428841277100000013e-05
1.537163947499999711e-05
1.650517623099999982e-05
1.766699674800000091e-05
1.883211221000000138e-05
2.017082962500000028e-05
2.107287466400000156e-05
2.208134785500000030e-05
2.298294818400000263e-05
2.398527000000000016e-05
2.437818567199999780e-05
2.482882387999999957e-05
2.534391530999999872e-05
2.519231158800000199e-05
2.533999824599999687e-05
2.482861616899999859e-05
2.439609315000000001e-05
2.404186121399999520e-05
2.310048119799999739e-05
2.249487142499999870e-05
2.137666020999999842e-05
2.060808935999999708e-05
1.959068929499999844e-05
1.838445798200000271e-05
1.753436876100000240e-05
1.636955841400000261e-05
1.555327401599999957e-05
1.462022874600000010e-05
1.361439235200000068e-05
1.293012321300000203e-05
1.217472093299999841e-05
1.148486984399999939e-05
1.075979442400000083e-05
1.030512363599999958e-05
9.805516603500000748e-06
9.363898529999997248e-06
8.976281989499999871e-06
8.638319550999997706e-06
8.345533638000001927e-06
8.093326307999999377e-06
7.877184431999997467e-06
7.692813093000000230e-06
7.536164086500000483e-06
7.403484128999999001e-06
7.291345183500000236e-06
7.196664430000000839e-06
7.116704775000000043e-06
7.049070847499999954e-06
6.991695539500000508e-06
6.942819752999999807e-06
6.900967762499999553e-06
6.864923533999999305e-06
6.898645916300000030e-06
6.806267597999999942e-06
6.782534891999999799e-06
6.761764360400000821e-06
6.807765220300000334e-06
6.727732836300002211e-06
6.714250397400000070e-06
6.766707574200000250e-06
6.693611198100000630e-06
6.686480243700000592e-06
6.745033902799999915e-06
6.678395009999998925e-06
6.741037440000000630e-06
6.678487927499999764e-06
6.745092415299999723e-06
6.686236804799999460e-06
6.756415667400000713e-06
6.700583257800000165e-06
6.773644463099999725e-06
6.783944729099999346e-06
6.730819893000000904e-06
6.806330469000000683e-06
6.817917969799999582e-06
6.764847871299999293e-06
6.840163783100001324e-06
6.850361867100000222e-06
6.794820915600000337e-06
6.867521900100000000e-06
6.874192518999998988e-06
6.879381872399999489e-06
6.883011156299999821e-06
6.885044839100000564e-06
6.820531782300000066e-06
6.884391967900000328e-06
6.881807629000000372e-06
6.877821569400000538e-06
6.872533359500000419e-06
6.866045989700000579e-06
6.858457361899999904e-06
6.849855565499999221e-06
6.840312354000000100e-06
6.829878184399999544e-06
6.818582351200000003e-06
6.806432391399999490e-06
6.857438644999999241e-06
6.779362448199998870e-06
6.764492898700001218e-06
6.748629453100000784e-06
6.731720827000000548e-06
6.776970104099999494e-06
6.694417401499999031e-06
6.674151750900000538e-06
6.652760283499999410e-06
6.692715538400000012e-06
6.606534942799999847e-06
6.582069345299999717e-06
6.618512076000000428e-06
6.530551478499999476e-06
6.565274032999999779e-06
6.476930419000000107e-06
6.510630446200000238e-06
6.422669263999999824e-06
6.456124296799999693e-06
6.369328005500000156e-06
6.403327545999999084e-06
6.318429069499999132e-06
6.353719318700000549e-06
6.330427541800000008e-06
6.249575343499999608e-06
6.288079459899998882e-06
6.269126366800000564e-06
6.193579573299999373e-06
6.236813842799999929e-06
6.223682761600001564e-06
6.154904303600000211e-06
6.204899929900000183e-06
6.199806711300000237e-06
6.198177593800001167e-06
6.200554263000000190e-06
6.207599548999998760e-06
6.220110862000000609e-06
6.180618102199999278e-06
6.265208375799999913e-06
6.300389862600001427e-06
6.345829347600000156e-06
6.403147283800000004e-06
6.474116581100001019e-06
6.560674413900000423e-06
6.664756060999999871e-06
6.788315138199999242e-06
6.998805968200000003e-06
7.102981467700000113e-06
7.295843666899999922e-06
7.514387631599998461e-06
7.759198671400001270e-06
8.030243866000002847e-06
8.406057802499996667e-06
8.650253861799999988e-06
8.992238085699999085e-06
9.352174275000000816e-06
9.818393935399999882e-06
1.011119427209999927e-05
1.049534062340000008e-05
1.097838346910000056e-05
1.124636421100000116e-05
1.170508814400000015e-05
1.192040164799999945e-05
1.232431378200000266e-05
1.245972583599999960e-05
1.278146049399999957e-05
1.281599145999999802e-05
1.303560218500000165e-05
1.295818236099999888e-05
1.306639315399999862e-05
1.287777669199999864e-05
1.287722608799999821e-05
1.270709434200000241e-05
1.237898361300000184e-05
1.224544966500000059e-05
1.196510710199999973e-05
1.166212873799999954e-05
1.124052811399999949e-05
1.102137618900000166e-05
1.069493215109999916e-05
1.037411187440000199e-05
1.006451310090000346e-05
9.681671435599999834e-06
9.499348980000000056e-06
9.247709544600000330e-06
9.020337695399997653e-06
8.818175752200000403e-06
8.641385472800000380e-06
8.489461657800000517e-06
8.361356757000001534e-06
8.255602778200000480e-06
8.170438672799999158e-06
8.103920308199998886e-06
8.054019690200002636e-06
8.018710648200000219e-06
7.996041959600000477e-06
8.058094229500001123e-06
7.981451123400000710e-06
7.986336747600000536e-06
7.997467384100001065e-06
8.013707730900000367e-06
8.108592925499999551e-06
8.058067977600001048e-06
8.084530926900003009e-06
8.188431455499999836e-06
8.143862507400000843e-06
8.175727164600000226e-06
8.284960270000000384e-06
8.243205969600000092e-06
8.354996903800002224e-06
8.314255101600000693e-06
8.428164633500000131e-06
8.388017597799997396e-06
8.503707823700002111e-06
8.463758394599998989e-06
8.580813630799999503e-06
8.540530887600000586e-06
8.658315432000000678e-06
8.616898371799999485e-06
8.734412468999999988e-06
8.771294767200002646e-06
8.725762171799999382e-06
8.839853664400000620e-06
8.870733133700000158e-06
8.898353449600001949e-06
8.840004431500000736e-06
8.940526245200000160e-06
8.953515447799997778e-06
8.959736330500002940e-06
8.958150869499999762e-06
8.947680157999997590e-06
8.845406058000001483e-06
8.895948658999998558e-06
8.852363663999998785e-06
8.795682284199999749e-06
8.725010870199999030e-06
8.639578669599998182e-06
8.538766232499999100e-06
8.422129230000000586e-06
8.289427411899998982e-06
8.140638029200000810e-06
8.048341327600000208e-06
7.794091753800001118e-06
7.599056973000000315e-06
7.390242342999999956e-06
7.168795887900000339e-06
6.936061042499999625e-06
6.753804999000000485e-06
6.440566821999999086e-06
6.183469377600001238e-06
5.921784934000000400e-06
5.707997962499999570e-06
5.389440678099999844e-06
5.124755845600000302e-06
4.905878623800001411e-06
4.601735438999999831e-06
4.387386384299999872e-06
4.099743805200000872e-06
3.894907654499999096e-06
3.627558875000000220e-06
3.435829121000000705e-06
3.191037945399999373e-06
3.014623043300000175e-06
2.793291940500000151e-06
2.633270290500000016e-06
2.435203387499999419e-06
2.291618884600000133e-06
2.134583097100000132e-06
1.969572933099999994e-06
1.849872579499999544e-06
1.720491780499999652e-06
1.600024908999999970e-06
1.475371529499999787e-06
1.386647656500000226e-06
1.293068897500000048e-06
1.208989847500000057e-06
1.134963074149999821e-06
1.062277283450000068e-06
1.020873533620000020e-06
9.826436064600000036e-07
9.592410806899998206e-07
9.526375632699999972e-07
9.651607350600000693e-07
9.995167502400001242e-07
1.058922339250000262e-06
1.146739453809999857e-06
1.266675895100000070e-06
1.422739248699999904e-06
1.619123585999999888e-06
1.860105080399999866e-06
2.170945137299999994e-06
2.495907834500000099e-06
2.895539725499999798e-06
3.354744185499999654e-06
3.876044332000000122e-06
4.503741122499999798e-06
5.113515119499999884e-06
5.822202404499999063e-06
6.588680224499999697e-06
7.479090420299999244e-06
8.280692018500000826e-06
9.182540902399999555e-06
1.020645451499999819e-05
1.105981608979999953e-05
1.211316506699999993e-05
1.293155234100000318e-05
1.395160595999999914e-05
1.467053438999999915e-05
1.558897802999999860e-05
1.614422431000000067e-05
1.689462910499999493e-05
1.723032541699999682e-05
1.775657687699999686e-05
1.799513949199999871e-05
1.793230282300000339e-05
1.805616654599999789e-05
1.787765851500000119e-05
1.740722637500000469e-05
1.712575742099999663e-05
1.656590980200000154e-05
1.575985005100000069e-05
1.514906641200000091e-05
1.431544306399999971e-05
1.342222976999999936e-05
1.248696600399999912e-05
1.152655826099999830e-05
1.055724988139999808e-05
9.511990812399996769e-06
8.659406836199999162e-06
7.747813871499999934e-06
6.878080166700000414e-06
6.058396866400000880e-06
5.295111604799999412e-06
4.591977701100000432e-06
3.951179101500000018e-06
3.401250027000000038e-06
2.853039765600000636e-06
2.397667310400000018e-06
1.999209986500000024e-06
1.653916624499999855e-06
1.357628113679999902e-06
1.105934294520000054e-06
9.010789441500000061e-07
7.153781883900002623e-07
5.691454283799999668e-07
4.528311312799999613e-07
3.510428406000000010e-07
2.727396213300000069e-07
2.118845728999999857e-07
1.604239073900000031e-07
1.217874531900000311e-07
9.244228930400000996e-08
6.836420853600000326e-08
5.107017678000000047e-08
3.716785301699999938e-08
2.732482599200000108e-08
1.957107369600000174e-08
1.415980565700000021e-08
9.987585041399999125e-09
7.118648361599999902e-09
4.979947702600000351e-09
3.429866087999999723e-09
2.386266508400000087e-09
1.629127138800000210e-09
1.095169539450000033e-09
7.437390854000000555e-10
4.957203817800000935e-10
3.257823162899999626e-10
2.162818724299999895e-10
1.408640533999999864e-10
9.098930901299999230e-11
5.829036902200000534e-11
3.703689097500000149e-11
2.317835248400000042e-11
1.465487920599999799e-11
9.099311863800000962e-12
5.609328301199999677e-12
3.428956905800000008e-12
2.078554251200000258e-12
1.249452467099999753e-12
7.448069994399999561e-13
4.403560866600000236e-13
2.582523300800000452e-13
1.503493741200000160e-13
8.757577933299999881e-14
4.967060114899999450e-14
2.825296478299999918e-14
1.457341277377823095e-14
1.248968056305970090e-15
2.842005164100000524e-19
5.934399390000002011e-21
0.000000000000000000e+00
0.000000000000000000e+00
0.000000000000000000e+00
0.000000000000000000e+00
0.000000000000000000e+00
0.000000000000000000e+00
0.000000000000000000e+00
0.000000000000000000e+00
0.000000000000000000e+00
0.000000000000000000e+00
0.000000000000000000e+00
0.000000000000000000e+00
0.000000000000000000e+00
0.000000000000000000e+00
0.000000000000000000e+00
0.000000000000000000e+00
0.000000000000000000e+00
0.000000000000000000e+00
0.000000000000000000e+00
0.000000000000000000e+00
0.000000000000000000e+00
0.000000000000000000e+00
0.000000000000000000e+00
0.000000000000000000e+00
0.000000000000000000e+00
0.000000000000000000e+00
0.000000000000000000e+00
0.000000000000000000e+00
0.000000000000000000e+00
0.000000000000000000e+00
0.000000000000000000e+00
0.000000000000000000e+00
0.000000000000000000e+00
0.000000000000000000e+00
0.000000000000000000e+00
0.000000000000000000e+00
0.000000000000000000e+00
0.000000000000000000e+00
0.000000000000000000e+00
0.000000000000000000e+00
0.000000000000000000e+00
0.000000000000000000e+00
0.000000000000000000e+00
0.000000000000000000e+00
0.000000000000000000e+00
0.000000000000000000e+00
0.000000000000000000e+00
0.000000000000000000e+00
0.000000000000000000e+00
0.000000000000000000e+00
0.000000000000000000e+00
0.000000000000000000e+00
0.000000000000000000e+00
0.000000000000000000e+00
0.000000000000000000e+00
0.000000000000000000e+00
0.000000000000000000e+00
0.000000000000000000e+00
0.000000000000000000e+00
0.000000000000000000e+00
0.000000000000000000e+00
0.000000000000000000e+00
0.000000000000000000e+00
0.000000000000000000e+00
0.000000000000000000e+00
0.000000000000000000e+00
0.000000000000000000e+00
0.000000000000000000e+00
0.000000000000000000e+00
0.000000000000000000e+00
0.000000000000000000e+00
0.000000000000000000e+00
0.000000000000000000e+00
0.000000000000000000e+00
0.000000000000000000e+00
0.000000000000000000e+00
0.000000000000000000e+00
0.000000000000000000e+00
0.000000000000000000e+00
0.000000000000000000e+00
0.000000000000000000e+00
0.000000000000000000e+00
0.000000000000000000e+00
0.000000000000000000e+00
0.000000000000000000e+00
0.000000000000000000e+00
0.000000000000000000e+00
0.000000000000000000e+00
0.000000000000000000e+00
0.000000000000000000e+00
0.000000000000000000e+00
0.000000000000000000e+00
0.000000000000000000e+00
0.000000000000000000e+00
0.000000000000000000e+00
0.000000000000000000e+00
0.000000000000000000e+00
0.000000000000000000e+00
0.000000000000000000e+00
0.000000000000000000e+00
0.000000000000000000e+00
0.000000000000000000e+00
0.000000000000000000e+00
0.000000000000000000e+00
0.000000000000000000e+00
0.000000000000000000e+00
0.000000000000000000e+00
0.000000000000000000e+00
0.000000000000000000e+00
0.000000000000000000e+00
0.000000000000000000e+00
0.000000000000000000e+00
0.000000000000000000e+00
0.000000000000000000e+00
0.000000000000000000e+00
0.000000000000000000e+00
0.000000000000000000e+00
0.000000000000000000e+00
0.000000000000000000e+00
0.000000000000000000e+00
0.000000000000000000e+00
0.000000000000000000e+00
0.000000000000000000e+00
0.000000000000000000e+00
0.000000000000000000e+00
0.000000000000000000e+00
0.000000000000000000e+00
0.000000000000000000e+00
0.000000000000000000e+00
0.000000000000000000e+00
0.000000000000000000e+00
0.000000000000000000e+00
0.000000000000000000e+00
0.000000000000000000e+00
0.000000000000000000e+00
0.000000000000000000e+00
0.000000000000000000e+00
0.000000000000000000e+00
0.000000000000000000e+00
0.000000000000000000e+00
0.000000000000000000e+00
0.000000000000000000e+00
