0.000000000000000000e+00
0.000000000000000000e+00
0.000000000000000000e+00
0.000000000000000000e+00
0.000000000000000000e+00
0.000000000000000000e+00
0.000000000000000000e+00
7.978381650000000865e-05
1.158318973499999991e-03
7.312413118209997809e-04
1.807012957510000146e-04
9.009495607800000827e-05
1.040298258499999882e-04
9.564397507100000861e-05
5.752779399099999569e-05
2.372424896499999858e-05
1.380636357300000038e-05
2.627383758499999850e-05
7.024925696899999086e-05
1.728979409959999604e-04
3.523834993900000056e-04
5.430478201799999322e-04
6.393294589799999525e-04
5.676263834999999884e-04
3.822821369599999921e-04
1.994160154800000701e-04
8.998324934099999101e-05
5.727520556699999626e-05
8.832545560199999367e-05
1.751271253500000116e-04
3.146808823000000034e-04
4.667951376199999691e-04
5.842735064599999771e-04
6.166023927700000663e-04
5.310980680100000056e-04
3.923146142199999465e-04
2.442977933199999519e-04
1.423653445399999744e-04
8.313095858499999064e-05
5.609200107500000415e-05
4.069891610199999349e-05
2.976154835200000217e-05
1.947389755999999879e-05
1.159673977839999728e-05
6.093967324000000067e-06
3.128259993199999946e-06
1.716737954299999848e-06
1.162565271099999874e-06
9.951696500000000375e-07
9.323556537000000180e-07
8.930657789999999241e-07
8.448291680999999435e-07
8.172133699499999552e-07
7.927032611500000273e-07
7.880491105999999902e-07
8.050086980999998845e-07
8.324046329400001436e-07
8.982070354600000210e-07
9.871076380000000108e-07
1.124564407599999975e-06
1.317191028799999671e-06
1.543114003999999865e-06
1.748920433199999939e-06
1.870971773400000037e-06
1.869979269400000048e-06
1.753509347800000116e-06
1.569222414799999683e-06
1.375699132500000205e-06
1.213809257400000026e-06
1.096645373500000121e-06
1.027200978600000064e-06
9.601461083999999753e-07
9.178882375999999501e-07
8.857962276499999837e-07
8.640570746499998982e-07
8.627349407999998777e-07
8.561063900000002532e-07
8.736987636500001213e-07
9.232807166800000051e-07
9.893739438699998560e-07
1.120209352699999809e-06
1.343861433599999945e-06
1.632864345400000096e-06
2.047305853199999962e-06
2.476160457400000009e-06
2.950965392400000325e-06
3.276732843000000136e-06
3.505514846999999902e-06
3.452391788999999514e-06
3.263902977599999914e-06
2.850983137800000623e-06
2.418363934800000001e-06
1.937079433599999904e-06
1.559628978299999954e-06
1.253763185400000018e-06
1.033811860499999937e-06
9.143737788000000081e-07
8.392890372000000372e-07
7.989919115999998977e-07
7.697544788999998882e-07
7.660619296799999838e-07
7.584327892200000277e-07
7.527187685999999281e-07
7.480740744600000449e-07
7.443001943999999571e-07
7.336778115400000636e-07
7.393332571199998983e-07
7.379871871799999733e-07
7.371956063999999332e-07
7.367300712599999391e-07
7.363492869599999348e-07
7.358336026199998828e-07
7.350179745599998811e-07
7.338204575999999763e-07
7.322552858999999982e-07
7.380237764000000065e-07
7.284688527000000736e-07
7.265894760000001075e-07
7.248827713999999900e-07
7.233913340400000088e-07
7.220914069200000654e-07
7.284309887899999450e-07
7.198437649799999820e-07
7.188619837200000939e-07
7.180136019899998747e-07
7.248324225599999617e-07
7.169534023499999730e-07
7.167990606299999627e-07
7.243144218200001043e-07
7.170178548000000086e-07
7.247009762000001136e-07
7.174338532599999263e-07
7.251074359399999208e-07
7.178785304399999280e-07
7.257469579400000772e-07
7.188986057700000989e-07
7.273843229700001087e-07
7.213175730800000255e-07
7.308099012999999874e-07
7.258332480000000114e-07
7.366599835399999926e-07
7.407123438600000116e-07
7.379063818500000202e-07
7.513893034900000564e-07
7.581662524599999580e-07
7.579177272000000563e-07
7.742307351500000433e-07
7.832318852000000579e-07
7.924429556899999140e-07
8.014648550599999631e-07
8.014826063999999582e-07
8.171822089199998907e-07
8.231958038599998917e-07
8.275526939199999092e-07
8.300722570000000552e-07
8.306814679000000867e-07
8.294224859399999877e-07
8.264599680800000317e-07
8.220819778799999840e-07
8.166888899799999503e-07
8.107634344199999681e-07
8.048204359799998809e-07
7.993420184200000934e-07
7.947114435499999800e-07
7.911604999899999413e-07
7.968680795599999324e-07
7.873497445899999430e-07
7.867732673600000564e-07
7.867193243299999361e-07
7.869310196800000719e-07
7.953461732299999641e-07
7.875405116100000651e-07
7.878803853999999854e-07
7.964570877199999163e-07
7.889605496799999806e-07
7.897758723800000266e-07
7.988359309699998748e-07
7.914578529699999608e-07
7.999243510300000932e-07
7.911985799600000087e-07
7.974952579899998676e-07
7.858828763299999041e-07
7.885485914699999752e-07
7.730728298399999981e-07
7.714311253600000912e-07
7.520524346400000981e-07
7.463303535600001068e-07
7.237913236499999874e-07
7.148536207499999510e-07
6.973654102099999847e-07
6.723774036900000192e-07
6.609531174900000666e-07
6.425671498699999780e-07
6.246049139400000566e-07
6.012917183799999356e-07
5.914361331200000664e-07
5.766187142800001127e-07
5.633237557200000879e-07
5.516860569399999738e-07
5.417759118199999056e-07
5.281934702600000532e-07
5.271828712599999644e-07
5.222946007199999859e-07
5.188897415799999573e-07
5.168170729200000294e-07
5.159052109600000974e-07
5.159688450700000465e-07
5.168155719699999157e-07
5.182534201499999961e-07
5.200996907499999686e-07
5.275318889999999830e-07
5.244243505000000916e-07
5.266667911500000024e-07
5.289148344299999302e-07
5.312050530500000419e-07
5.336379305700000367e-07
5.418592153200000683e-07
5.396388567399999709e-07
5.435964283400000144e-07
5.541075500400001614e-07
5.545392773999999925e-07
5.617582523100001167e-07
5.761013817599998989e-07
5.800434226299999420e-07
5.908966238600000251e-07
6.089992583400000529e-07
6.157741054899998539e-07
6.361366790200000369e-07
6.448583255099999974e-07
6.684003683200000357e-07
6.807732003199999302e-07
7.103853031000000269e-07
7.301657482000000041e-07
7.708463175600000350e-07
8.033554713899999596e-07
8.612199196499999042e-07
9.214154987400000400e-07
9.824187098600000759e-07
1.075033794000000063e-06
1.169447732099999980e-06
1.274358244800000139e-06
1.373394799100000004e-06
1.506582861499999827e-06
1.629151122600000176e-06
1.750452784199999985e-06
1.865873164199999998e-06
1.950118648000000067e-06
2.058574106299999967e-06
2.127353379000000135e-06
2.171929682700000103e-06
2.189410387999999729e-06
2.178198643500000595e-06
2.138161063500000182e-06
2.070664034199999841e-06
1.978472019599999625e-06
1.865507698200000090e-06
1.736517662500000297e-06
1.596679584300000171e-06
1.465110633799999843e-06
1.303491528600000094e-06
1.160802614300000142e-06
1.025112440250000036e-06
8.989966408500000814e-07
7.841582216600000330e-07
6.879116200400000959e-07
5.904189097500000046e-07
5.124277327800001048e-07
4.500817303100000758e-07
3.893186661600000500e-07
3.428027616000000059e-07
3.074904089999999576e-07
2.732477680800000300e-07
2.483461848099999768e-07
2.307543906699999790e-07
2.127594749399999799e-07
2.025155060599999955e-07
1.909216868399999994e-07
1.853189158999999583e-07
1.776145575000000022e-07
1.747121528999999872e-07
1.691825635500000026e-07
1.676850058499999984e-07
1.648696940700000154e-07
1.606900010099999869e-07
1.598795226600000119e-07
1.574691295599999878e-07
1.534989252600000019e-07
1.525806786000000017e-07
1.500510002400000339e-07
1.475007382400000037e-07
1.435450001099999661e-07
1.425929991500000139e-07
1.403694510999999679e-07
1.384306916500000289e-07
1.368713936500000123e-07
1.357833716000000116e-07
1.352566290000000089e-07
1.353862953000000152e-07
1.362872934500000031e-07
1.367229160499999967e-07
1.410690412000000106e-07
1.470236934500000489e-07
1.520666100500000331e-07
1.612045760500000013e-07
1.739076664499999421e-07
1.913234936499999683e-07
2.148512653500000268e-07
2.461206893499999902e-07
2.869377299000000031e-07
3.391924496000000217e-07
4.091564866900000307e-07
4.860382956800000476e-07
5.827213761000000559e-07
6.960423194200000949e-07
8.346432657200000808e-07
9.717616446400000382e-07
1.128826776199999972e-06
1.308258432100000094e-06
1.465416488399999948e-06
1.649490346299999979e-06
1.791887947499999900e-06
1.933979269999999586e-06
2.074689605500000268e-06
2.145763775000000265e-06
2.225963209599999814e-06
2.225640002400000268e-06
2.231572380299999715e-06
2.177504002699999696e-06
2.068235392299999598e-06
1.969943018700000269e-06
1.808376017999999952e-06
1.665000245999999986e-06
1.491748228899999907e-06
1.302254823499999661e-06
1.141041581419999933e-06
9.735889006000000812e-07
8.180759854799999901e-07
6.714335333999999031e-07
5.548022008500001084e-07
4.481163896000000719e-07
3.584499754699999996e-07
2.847537796200000088e-07
2.254767664099999713e-07
1.787823784999999890e-07
1.427344491299999966e-07
1.144071773100000100e-07
9.533915099400001176e-08
8.050099724499999491e-08
6.986894865100000793e-08
6.238973369000000278e-08
5.778039627900000597e-08
5.373438381700000736e-08
5.148478861400000165e-08
5.009536415999999390e-08
4.931560359600000839e-08
4.896513907199998099e-08
4.891287839599998974e-08
4.954845071100000440e-08
4.933938096799999686e-08
4.968216053300000757e-08
5.004529245800000173e-08
5.089273890100001073e-08
5.069876391700000956e-08
5.094193825999998643e-08
5.162518902299999987e-08
5.123279087499999537e-08
5.129654012999999454e-08
5.184172637400000016e-08
5.137253734599999619e-08
5.195674710300000252e-08
5.159273573200000571e-08
5.235521356499999964e-08
5.222278924000000214e-08
5.327859940800000601e-08
5.345290971599998413e-08
5.485083452099999929e-08
5.532509065699998354e-08
5.702604724800000623e-08
5.828448462000000293e-08
5.901183677600000324e-08
6.092240511900001072e-08
6.222309674499998531e-08
6.281771370999997516e-08
6.453673307400000282e-08
6.548258292599999976e-08
6.624259885000000164e-08
6.679640896499998920e-08
6.647309974999999364e-08
6.724628804700000991e-08
6.714372525300002345e-08
6.683060245299998012e-08
6.631876461600001649e-08
6.562210689599999237e-08
6.475527056300000943e-08
6.373273004700003742e-08
6.256838176800002247e-08
6.127556901999999355e-08
5.986745615700000765e-08
5.835764573700001386e-08
5.676086877799999246e-08
5.509354384200000332e-08
5.337417120599999792e-08
5.212075990300000066e-08
4.984633803299999699e-08
4.810141547099999417e-08
4.639528155900000874e-08
4.475111250100000111e-08
4.360632150299999392e-08
4.171744901700000068e-08
4.037621354099999844e-08
3.916222823399998870e-08
3.844992213099999653e-08
3.712661781900000725e-08
3.666587861300000682e-08
3.561919095900000632e-08
3.504769229300000401e-08
3.491681404400000113e-08
3.419903942100000151e-08
3.423023366200000377e-08
3.366066799799998928e-08
3.380328401600000855e-08
3.333013475400000104e-08
3.354263235399999639e-08
3.345326103200000709e-08
3.306108034499999331e-08
3.333585185300000685e-08
3.298175142600000120e-08
3.329474406499999727e-08
3.330814365499999562e-08
3.334979128400000307e-08
3.309979122599999879e-08
3.353713233799999438e-08
3.369432681200000388e-08
3.390034483100000616e-08
3.415943087700000656e-08
3.413859468599999494e-08
3.484562223199999335e-08
3.527997321400000572e-08
3.577510783599999778e-08
3.633034574400000103e-08
3.694390564800000004e-08
3.761288931299999713e-08
3.833323043900000138e-08
3.909959337599999524e-08
3.990528930900000322e-08
4.074212948100000053e-08
4.160032173199999841e-08
4.246838106200000514e-08
4.333315385799999976e-08
4.417990012199999217e-08
4.543320232999999841e-08
4.576123817799999517e-08
4.645371981200000869e-08
4.706079879699999035e-08
4.756693384900000279e-08
4.842603451399999785e-08
4.822862386599999046e-08
4.836518017600000089e-08
4.884031074800000455e-08
4.824914759800000122e-08
4.801251000300000260e-08
4.813766800399999799e-08
4.725865521700000002e-08
4.724419741599999853e-08
4.629761527199997615e-08
4.625705117999999536e-08
4.536422261999999298e-08
4.541899517999999343e-08
4.469132208000002157e-08
4.494416718400000655e-08
4.445806270200000221e-08
4.496974978399999893e-08
4.518532986000000220e-08
4.508941651199999819e-08
4.598247999799999827e-08
4.653391218000000376e-08
4.669836445899999658e-08
4.781094911900000690e-08
4.848529570699999643e-08
4.914185037999999987e-08
4.927096875699999682e-08
5.028506958799999058e-08
5.072889466799999689e-08
5.105948748699999875e-08
5.126280151499999572e-08
5.132919802499999827e-08
5.125320322099999918e-08
5.054369398400000512e-08
5.067388051000000244e-08
5.017269784800000216e-08
4.953789952799999360e-08
4.877640651999999474e-08
4.835200906200000066e-08
4.689551833200000030e-08
4.580287843000000534e-08
4.461874776800000156e-08
4.335320955799999552e-08
4.201687317200000004e-08
4.062091538699999615e-08
3.917704093499999909e-08
3.805259671499999942e-08
3.617988099300000276e-08
3.466599123699999860e-08
3.315367784700000550e-08
3.195194000999999941e-08
3.016633024799999688e-08
2.872689619999999975e-08
2.758724472000000072e-08
2.597376935600000084e-08
2.491840789199999998e-08
2.345120761700000024e-08
2.229309677499999884e-08
2.140167416099999985e-08
2.017209373400000044e-08
1.940068942500000182e-08
1.832838779000000011e-08
1.767656087999999773e-08
1.691098870499999882e-08
1.605864578300000043e-08
1.557703564500000098e-08
1.485797533499999877e-08
1.448335835399999957e-08
1.402170395999999870e-08
1.349087813199999884e-08
1.327939605200000097e-08
1.299953002500000340e-08
1.278712646699999962e-08
1.252789214200000140e-08
1.258925189999999867e-08
1.261812689499999924e-08
1.274465850000000129e-08
1.297837432500000275e-08
1.332864243000000110e-08
1.380414927000000082e-08
1.441177129000000033e-08
1.515592236000000257e-08
1.603794717000000293e-08
1.705532031000000220e-08
1.820103274500000257e-08
1.946320183499999872e-08
2.082485417999999970e-08
2.226402546000000386e-08
2.375412190499999873e-08
2.526456957500000126e-08
2.676180464999999979e-08
2.821048502999999942e-08
2.957487238999999932e-08
3.111943688599999881e-08
3.192483391199999649e-08
3.283955482499999739e-08
3.355386568099999461e-08
3.437876237700000156e-08
3.432988140300000105e-08
3.438054233599999872e-08
3.454191132300000084e-08
3.385271022900000835e-08
3.331697564399999861e-08
3.294412950900000331e-08
3.183849081000000602e-08
3.126425051499999729e-08
3.006434655000000086e-08
2.943914422800000360e-08
2.829612903599999758e-08
2.776270330899999794e-08
2.680225923700000118e-08
2.647213127099999823e-08
2.601955185900000397e-08
2.546999637000000010e-08
2.555080710999999621e-08
2.552971522999999738e-08
2.539762270099999917e-08
2.586518729499999973e-08
2.618968309400000389e-08
2.633780083199999818e-08
2.704090385800000155e-08
2.752572991499999665e-08
2.801835275899999863e-08
2.849738602399999792e-08
2.894341893599999481e-08
2.906104842899999953e-08
2.966848136699999935e-08
2.992525217499999721e-08
3.009750112299999585e-08
3.017892434199999879e-08
3.016554808800000166e-08
3.005543059700000294e-08
2.984838446499999856e-08
2.954574903999999743e-08
2.914998221199999906e-08
2.866498129099999494e-08
2.809557047700000086e-08
2.770298204999999839e-08
2.671963849799999899e-08
2.593309592699999954e-08
2.508889976499999810e-08
2.419511294499999565e-08
2.347497657999999959e-08
2.228312685500000239e-08
2.129090429500000369e-08
2.028262859499999869e-08
1.944296256300000155e-08
1.823878104700000047e-08
1.722652604999999467e-08
1.637372587200000100e-08
1.523108186999999933e-08
1.439638747800000146e-08
1.331629932000000236e-08
1.251418598000000048e-08
1.150670502510000027e-08
1.074699711789999915e-08
9.818061197500000742e-09
9.107642226799999690e-09
8.260831221700000870e-09
7.605145021699997286e-09
6.904360896299999827e-09
6.185431796999999517e-09
5.620872475499998225e-09
5.033468932400000421e-09
4.445579323100000108e-09
3.980486314799999305e-09
3.510189346099999804e-09
3.051768608099999541e-09
2.688709207200000564e-09
2.331987919799999482e-09
2.011021247000000312e-09
1.724199152799999590e-09
1.469660770199999851e-09
1.245345726900000085e-09
1.040065657860000013e-09
8.799493907399999306e-10
7.325368914399998888e-10
6.061978287799999859e-10
4.986626956800001836e-10
4.077590764699999970e-10
3.314650162799999771e-10
2.678325639099999586e-10
2.151036561599999978e-10
1.731255956799999761e-10
1.359058216799999885e-10
1.071283359100000142e-10
8.390729514999998239e-11
6.529487121999999525e-11
5.047692347699999846e-11
3.907601796300000218e-11
2.948419789000000145e-11
2.232783289599999836e-11
1.678843350399999481e-11
1.263217936600000154e-11
9.262095240500000270e-12
6.812681648799999786e-12
5.011845934699999658e-12
3.589917426000000213e-12
2.599020060000000485e-12
1.831431903399999780e-12
1.304123131599999879e-12
9.035951164300001305e-13
6.325384899200000686e-13
4.307556336100000328e-13
2.963088663900000243e-13
1.982592920100000114e-13
1.339664759900000074e-13
8.807923391800000502e-14
5.848648132200000329e-14
3.804501173999999822e-14
2.433462794500000113e-14
1.571374553730000148e-14
9.935298932900001523e-15
6.220541215800000885e-15
3.830015613700000480e-15
2.380830469800000084e-15
1.448522994330000091e-15
8.727473238199999871e-16
5.207196179099999821e-16
3.056570489399999690e-16
1.801416570479999841e-16
1.037735893840000057e-16
5.972730121799999694e-17
3.402824889600000608e-17
1.919036650400000026e-17
1.071282284699999916e-17
5.919792693599999731e-18
3.238189831400000168e-18
1.753519943879999761e-18
9.400728553200000924e-19
4.989963513199999638e-19
1.857961498200000135e-19
1.798776600000003297e-22
0.000000000000000000e+00
0.000000000000000000e+00
0.000000000000000000e+00
0.000000000000000000e+00
0.000000000000000000e+00
0.000000000000000000e+00
0.000000000000000000e+00
0.000000000000000000e+00
0.000000000000000000e+00
0.000000000000000000e+00
0.000000000000000000e+00
0.000000000000000000e+00
0.000000000000000000e+00
0.000000000000000000e+00
0.000000000000000000e+00
0.000000000000000000e+00
0.000000000000000000e+00
0.000000000000000000e+00
0.000000000000000000e+00
0.000000000000000000e+00
0.000000000000000000e+00
0.000000000000000000e+00
0.000000000000000000e+00
0.000000000000000000e+00
0.000000000000000000e+00
0.000000000000000000e+00
0.000000000000000000e+00
0.000000000000000000e+00
0.000000000000000000e+00
0.000000000000000000e+00
0.000000000000000000e+00
0.000000000000000000e+00
0.000000000000000000e+00
0.000000000000000000e+00
0.000000000000000000e+00
0.000000000000000000e+00
0.000000000000000000e+00
0.000000000000000000e+00
0.000000000000000000e+00
0.000000000000000000e+00
0.000000000000000000e+00
0.000000000000000000e+00
0.000000000000000000e+00
0.000000000000000000e+00
0.000000000000000000e+00
0.000000000000000000e+00
0.000000000000000000e+00
0.000000000000000000e+00
0.000000000000000000e+00
0.000000000000000000e+00
0.000000000000000000e+00
0.000000000000000000e+00
0.000000000000000000e+00
0.000000000000000000e+00
0.000000000000000000e+00
0.000000000000000000e+00
0.000000000000000000e+00
0.000000000000000000e+00
0.000000000000000000e+00
0.000000000000000000e+00
0.000000000000000000e+00
0.000000000000000000e+00
0.000000000000000000e+00
0.000000000000000000e+00
0.000000000000000000e+00
0.000000000000000000e+00
0.000000000000000000e+00
0.000000000000000000e+00
0.000000000000000000e+00
0.000000000000000000e+00
0.000000000000000000e+00
0.000000000000000000e+00
0.000000000000000000e+00
0.000000000000000000e+00
0.000000000000000000e+00
0.000000000000000000e+00
0.000000000000000000e+00
0.000000000000000000e+00
0.000000000000000000e+00
0.000000000000000000e+00
0.000000000000000000e+00
0.000000000000000000e+00
0.000000000000000000e+00
0.000000000000000000e+00
0.000000000000000000e+00
0.000000000000000000e+00
0.000000000000000000e+00
0.000000000000000000e+00
0.000000000000000000e+00
0.000000000000000000e+00
0.000000000000000000e+00
0.000000000000000000e+00
0.000000000000000000e+00
0.000000000000000000e+00
0.000000000000000000e+00
0.000000000000000000e+00
0.000000000000000000e+00
0.000000000000000000e+00
0.000000000000000000e+00
0.000000000000000000e+00
0.000000000000000000e+00
0.000000000000000000e+00
0.000000000000000000e+00
0.000000000000000000e+00
0.000000000000000000e+00
0.000000000000000000e+00
0.000000000000000000e+00
0.000000000000000000e+00
0.000000000000000000e+00
0.000000000000000000e+00
0.000000000000000000e+00
0.000000000000000000e+00
0.000000000000000000e+00
0.000000000000000000e+00
0.000000000000000000e+00
0.000000000000000000e+00
0.000000000000000000e+00
0.000000000000000000e+00
0.000000000000000000e+00
0.000000000000000000e+00
0.000000000000000000e+00
0.000000000000000000e+00
0.000000000000000000e+00
0.000000000000000000e+00
0.000000000000000000e+00
0.000000000000000000e+00
0.000000000000000000e+00
0.000000000000000000e+00
0.000000000000000000e+00
0.000000000000000000e+00
0.000000000000000000e+00
0.000000000000000000e+00
0.000000000000000000e+00
0.000000000000000000e+00
0.000000000000000000e+00
0.000000000000000000e+00
0.000000000000000000e+00
0.000000000000000000e+00
0.000000000000000000e+00
0.000000000000000000e+00
0.000000000000000000e+00
0.000000000000000000e+00
0.000000000000000000e+00
0.000000000000000000e+00
0.000000000000000000e+00
0.000000000000000000e+00
0.000000000000000000e+00
0.000000000000000000e+00
0.000000000000000000e+00
0.000000000000000000e+00
0.000000000000000000e+00
0.000000000000000000e+00
0.000000000000000000e+00
0.000000000000000000e+00
0.000000000000000000e+00
0.000000000000000000e+00
0.000000000000000000e+00
0.000000000000000000e+00
0.000000000000000000e+00
0.000000000000000000e+00
0.000000000000000000e+00
0.000000000000000000e+00
0.000000000000000000e+00
0.000000000000000000e+00
0.000000000000000000e+00
0.000000000000000000e+00
0.000000000000000000e+00
0.000000000000000000e+00
0.000000000000000000e+00
0.000000000000000000e+00
0.000000000000000000e+00
0.000000000000000000e+00
0.000000000000000000e+00
0.000000000000000000e+00
0.000000000000000000e+00
0.000000000000000000e+00
0.000000000000000000e+00
0.000000000000000000e+00
0.000000000000000000e+00
0.000000000000000000e+00
0.000000000000000000e+00
0.000000000000000000e+00
0.000000000000000000e+00
0.000000000000000000e+00
0.000000000000000000e+00
0.000000000000000000e+00
0.000000000000000000e+00
0.000000000000000000e+00
0.000000000000000000e+00
0.000000000000000000e+00
0.000000000000000000e+00
0.000000000000000000e+00
0.000000000000000000e+00
0.000000000000000000e+00
0.000000000000000000e+00
0.000000000000000000e+00
0.000000000000000000e+00
0.000000000000000000e+00
0.000000000000000000e+00
0.000000000000000000e+00
0.000000000000000000e+00
0.000000000000000000e+00
0.000000000000000000e+00
0.000000000000000000e+00
0.000000000000000000e+00
0.000000000000000000e+00
0.000000000000000000e+00
0.000000000000000000e+00
0.000000000000000000e+00
0.000000000000000000e+00
0.000000000000000000e+00
0.000000000000000000e+00
0.000000000000000000e+00
0.000000000000000000e+00
0.000000000000000000e+00
0.000000000000000000e+00
0.000000000000000000e+00
0.000000000000000000e+00
0.000000000000000000e+00
0.000000000000000000e+00
0.000000000000000000e+00
0.000000000000000000e+00
0.000000000000000000e+00
0.000000000000000000e+00
0.000000000000000000e+00
0.000000000000000000e+00
0.000000000000000000e+00
0.000000000000000000e+00
0.000000000000000000e+00
0.000000000000000000e+00
0.000000000000000000e+00
0.000000000000000000e+00
0.000000000000000000e+00
0.000000000000000000e+00
0.000000000000000000e+00
0.000000000000000000e+00
0.000000000000000000e+00
0.000000000000000000e+00
0.000000000000000000e+00
0.000000000000000000e+00
0.000000000000000000e+00
0.000000000000000000e+00
0.000000000000000000e+00
0.000000000000000000e+00
0.000000000000000000e+00
0.000000000000000000e+00
0.000000000000000000e+00
0.000000000000000000e+00
0.000000000000000000e+00
0.000000000000000000e+00
0.000000000000000000e+00
0.000000000000000000e+00
0.000000000000000000e+00
0.000000000000000000e+00
0.000000000000000000e+00
0.000000000000000000e+00
0.000000000000000000e+00
0.000000000000000000e+00
0.000000000000000000e+00
0.000000000000000000e+00
0.000000000000000000e+00
0.000000000000000000e+00
0.000000000000000000e+00
0.000000000000000000e+00
0.000000000000000000e+00
0.000000000000000000e+00
0.000000000000000000e+00
0.000000000000000000e+00
0.000000000000000000e+00
0.000000000000000000e+00
0.000000000000000000e+00
0.000000000000000000e+00
0.000000000000000000e+00
0.000000000000000000e+00
0.000000000000000000e+00
0.000000000000000000e+00
0.000000000000000000e+00
0.000000000000000000e+00
0.000000000000000000e+00
0.000000000000000000e+00
0.000000000000000000e+00
0.000000000000000000e+00
0.000000000000000000e+00
0.000000000000000000e+00
0.000000000000000000e+00
0.000000000000000000e+00
0.000000000000000000e+00
0.000000000000000000e+00
0.000000000000000000e+00
0.000000000000000000e+00
0.000000000000000000e+00
0.000000000000000000e+00
0.000000000000000000e+00
0.000000000000000000e+00
0.000000000000000000e+00
0.000000000000000000e+00
0.000000000000000000e+00
0.000000000000000000e+00
0.000000000000000000e+00
0.000000000000000000e+00
0.000000000000000000e+00
0.000000000000000000e+00
0.000000000000000000e+00
0.000000000000000000e+00
0.000000000000000000e+00
0.000000000000000000e+00
0.000000000000000000e+00
0.000000000000000000e+00
0.000000000000000000e+00
0.000000000000000000e+00
0.000000000000000000e+00
0.000000000000000000e+00
0.000000000000000000e+00
0.000000000000000000e+00
0.000000000000000000e+00
0.000000000000000000e+00
0.000000000000000000e+00
0.000000000000000000e+00
0.000000000000000000e+00
0.000000000000000000e+00
0.000000000000000000e+00
0.000000000000000000e+00
0.000000000000000000e+00
0.000000000000000000e+00
0.000000000000000000e+00
0.000000000000000000e+00
0.000000000000000000e+00
0.000000000000000000e+00
0.000000000000000000e+00
0.000000000000000000e+00
0.000000000000000000e+00
0.000000000000000000e+00
0.000000000000000000e+00
0.000000000000000000e+00
0.000000000000000000e+00
0.000000000000000000e+00
0.000000000000000000e+00
