1 	 0.000000e+00 
2 	 0.000000e+00 
3 	 0.000000e+00 
4 	 0.000000e+00 
5 	 0.000000e+00 
6 	 0.000000e+00 
7 	 9.550747e-03 
8 	 4.247182e-03 
9 	 3.692286e-03 
10 	 2.327549e-03 
11 	 7.271125e-04 
12 	 1.681346e-04 
13 	 1.025286e-04 
14 	 1.154308e-04 
15 	 1.390050e-04 
16 	 1.767040e-04 
17 	 2.251345e-04 
18 	 2.649147e-04 
19 	 2.783772e-04 
20 	 2.643076e-04 
21 	 2.436737e-04 
22 	 2.535018e-04 
23 	 3.360309e-04 
24 	 5.299498e-04 
25 	 8.447912e-04 
26 	 1.225920e-03 
27 	 1.565048e-03 
28 	 1.762649e-03 
29 	 1.773014e-03 
30 	 1.606881e-03 
31 	 1.329196e-03 
32 	 1.042414e-03 
33 	 8.265738e-04 
34 	 6.871412e-04 
35 	 5.749623e-04 
36 	 4.499868e-04 
37 	 3.151229e-04 
38 	 2.002339e-04 
39 	 1.326657e-04 
40 	 1.265092e-04 
41 	 1.884749e-04 
42 	 3.211611e-04 
43 	 5.138305e-04 
44 	 7.295600e-04 
45 	 9.075826e-04 
46 	 9.902911e-04 
47 	 9.601959e-04 
48 	 8.554879e-04 
49 	 7.450493e-04 
50 	 6.795177e-04 
51 	 6.628895e-04 
52 	 6.775080e-04 
53 	 7.444455e-04 
54 	 9.565036e-04 
55 	 1.433040e-03 
56 	 2.210712e-03 
57 	 3.148964e-03 
58 	 3.943100e-03 
59 	 4.273765e-03 
60 	 4.003197e-03 
61 	 3.262019e-03 
62 	 2.351901e-03 
63 	 1.553012e-03 
64 	 9.940289e-04 
65 	 6.556347e-04 
66 	 4.545727e-04 
67 	 3.191815e-04 
68 	 2.152002e-04 
69 	 1.348770e-04 
70 	 7.830035e-05 
71 	 4.324722e-05 
72 	 2.423102e-05 
73 	 1.515164e-05 
74 	 1.132286e-05 
75 	 9.882721e-06 
76 	 9.318132e-06 
77 	 8.904325e-06 
78 	 8.357936e-06 
79 	 7.665547e-06 
80 	 6.982342e-06 
81 	 6.542715e-06 
82 	 6.569776e-06 
83 	 7.190595e-06 
84 	 8.372970e-06 
85 	 9.904898e-06 
86 	 1.143386e-05 
87 	 1.256360e-05 
88 	 1.297775e-05 
89 	 1.254034e-05 
90 	 1.132950e-05 
91 	 9.592215e-06 
92 	 7.646889e-06 
93 	 5.781329e-06 
94 	 4.187016e-06 
95 	 2.943893e-06 
96 	 2.043957e-06 
97 	 1.430284e-06 
98 	 1.031888e-06 
99 	 7.854991e-07 
100 	 6.444606e-07 
101 	 5.789226e-07 
102 	 5.715630e-07 
103 	 6.117611e-07 
104 	 6.900441e-07 
105 	 7.940641e-07 
106 	 9.069970e-07 
107 	 1.008723e-06 
108 	 1.079378e-06 
109 	 1.104028e-06 
110 	 1.076742e-06 
111 	 1.002464e-06 
112 	 8.959204e-07 
113 	 7.778807e-07 
114 	 6.700308e-07 
115 	 5.900264e-07 
116 	 5.479916e-07 
117 	 5.450858e-07 
118 	 5.741228e-07 
119 	 6.218120e-07 
120 	 6.719952e-07 
121 	 7.091851e-07 
122 	 7.216918e-07 
123 	 7.036946e-07 
124 	 6.558328e-07 
125 	 5.842685e-07 
126 	 4.986033e-07 
127 	 4.093359e-07 
128 	 3.256112e-07 
129 	 2.537937e-07 
130 	 1.970438e-07 
131 	 1.557256e-07 
132 	 1.282788e-07 
133 	 1.121700e-07 
134 	 1.046569e-07 
135 	 1.032569e-07 
136 	 1.059376e-07 
137 	 1.111129e-07 
138 	 1.175352e-07 
139 	 1.241612e-07 
140 	 1.300439e-07 
141 	 1.342849e-07 
142 	 1.360581e-07 
143 	 1.346978e-07 
144 	 1.298160e-07 
145 	 1.214045e-07 
146 	 1.098781e-07 
147 	 9.603071e-08 
148 	 8.091104e-08 
149 	 6.564652e-08 
150 	 5.126329e-08 
151 	 3.854578e-08 
152 	 2.796348e-08 
153 	 1.966947e-08 
154 	 1.355520e-08 
155 	 9.335452e-09 
156 	 6.636894e-09 
157 	 5.071269e-09 
158 	 4.284523e-09 
159 	 3.982126e-09 
160 	 3.936342e-09 
161 	 3.982648e-09 
162 	 4.011358e-09 
163 	 3.958118e-09 
164 	 3.794826e-09 
165 	 3.521136e-09 
166 	 3.156305e-09 
167 	 2.731324e-09 
168 	 2.281636e-09 
169 	 1.841024e-09 
170 	 1.437227e-09 
171 	 1.089580e-09 
172 	 8.086019e-10 
173 	 5.970733e-10 
174 	 4.519899e-10 
175 	 3.667184e-10 
176 	 3.328493e-10 
177 	 3.414584e-10 
178 	 3.837293e-10 
179 	 4.510694e-10 
180 	 5.349595e-10 
181 	 6.267862e-10 
182 	 7.178547e-10 
183 	 7.996783e-10 
184 	 8.645306e-10 
185 	 9.061471e-10 
186 	 9.204077e-10 
187 	 9.058208e-10 
188 	 8.636721e-10 
189 	 7.977829e-10 
190 	 7.139093e-10 
191 	 6.189009e-10 
192 	 5.197779e-10 
193 	 4.228949e-10 
194 	 3.333228e-10 
195 	 2.545161e-10 
196 	 1.882709e-10 
197 	 1.349178e-10 
198 	 9.366411e-11 
199 	 6.299366e-11 
200 	 4.104354e-11 
201 	 2.590803e-11 
202 	 1.584633e-11 
203 	 9.396354e-12 
204 	 5.412262e-12 
205 	 3.050133e-12 
206 	 1.725614e-12 
207 	 1.062919e-12 
208 	 8.484273e-13 
209 	 9.966496e-13 
210 	 1.532162e-12 
211 	 2.588499e-12 
212 	 4.423432e-12 
213 	 7.448906e-12 
214 	 1.227256e-11 
215 	 1.974568e-11 
216 	 3.100949e-11 
217 	 4.752833e-11 
218 	 7.109472e-11 
219 	 1.037894e-10 
220 	 1.478798e-10 
221 	 2.056455e-10 
222 	 2.791291e-10 
223 	 3.698249e-10 
224 	 4.783376e-10 
225 	 6.040606e-10 
226 	 7.449375e-10 
227 	 8.973767e-10 
228 	 1.056378e-09 
229 	 1.215905e-09 
230 	 1.369505e-09 
231 	 1.511118e-09 
232 	 1.635975e-09 
233 	 1.741462e-09 
234 	 1.827774e-09 
235 	 1.898237e-09 
236 	 1.959173e-09 
237 	 2.019287e-09 
238 	 2.088590e-09 
239 	 2.176993e-09 
240 	 2.292743e-09 
241 	 2.440928e-09 
242 	 2.622287e-09 
243 	 2.832519e-09 
244 	 3.062237e-09 
245 	 3.297612e-09 
246 	 3.521660e-09 
247 	 3.716006e-09 
248 	 3.862914e-09 
249 	 3.947294e-09 
250 	 3.958414e-09 
251 	 3.891088e-09 
252 	 3.746180e-09 
253 	 3.530385e-09 
254 	 3.255339e-09 
255 	 2.936236e-09 
256 	 2.590142e-09 
257 	 2.234279e-09 
258 	 1.884492e-09 
259 	 1.554061e-09 
260 	 1.252971e-09 
261 	 9.876457e-10 
262 	 7.610980e-10 
263 	 5.733948e-10 
264 	 4.223155e-10 
265 	 3.040801e-10 
266 	 2.140450e-10 
267 	 1.472947e-10 
268 	 9.909080e-11 
269 	 6.516934e-11 
270 	 4.190027e-11 
271 	 2.633622e-11 
272 	 1.618278e-11 
273 	 9.721109e-12 
274 	 5.708755e-12 
275 	 3.277404e-12 
276 	 1.839421e-12 
277 	 1.009242e-12 
278 	 5.413428e-13 
279 	 2.838652e-13 
280 	 1.455174e-13 
281 	 7.292565e-14 
282 	 3.572799e-14 
283 	 1.711195e-14 
284 	 8.012231e-15 
285 	 3.667500e-15 
286 	 1.641155e-15 
287 	 7.179461e-16 
288 	 3.070414e-16 
289 	 1.283704e-16 
290 	 5.246811e-17 
291 	 2.096471e-17 
292 	 8.189269e-18 
293 	 3.127261e-18 
294 	 0.000000e+00 
295 	 0.000000e+00 
296 	 0.000000e+00 
297 	 0.000000e+00 
298 	 0.000000e+00 
299 	 0.000000e+00 
300 	 0.000000e+00 
301 	 0.000000e+00 
302 	 0.000000e+00 
303 	 0.000000e+00 
304 	 0.000000e+00 
305 	 0.000000e+00 
306 	 0.000000e+00 
307 	 0.000000e+00 
308 	 0.000000e+00 
309 	 0.000000e+00 
310 	 0.000000e+00 
311 	 0.000000e+00 
312 	 0.000000e+00 
313 	 0.000000e+00 
314 	 0.000000e+00 
315 	 0.000000e+00 
316 	 0.000000e+00 
317 	 0.000000e+00 
318 	 0.000000e+00 
319 	 0.000000e+00 
320 	 0.000000e+00 
321 	 0.000000e+00 
322 	 0.000000e+00 
323 	 0.000000e+00 
324 	 0.000000e+00 
325 	 0.000000e+00 
326 	 0.000000e+00 
327 	 0.000000e+00 
328 	 0.000000e+00 
329 	 0.000000e+00 
330 	 0.000000e+00 
331 	 0.000000e+00 
332 	 0.000000e+00 
333 	 0.000000e+00 
334 	 0.000000e+00 
335 	 0.000000e+00 
336 	 0.000000e+00 
337 	 0.000000e+00 
338 	 0.000000e+00 
339 	 0.000000e+00 
340 	 0.000000e+00 
341 	 0.000000e+00 
342 	 0.000000e+00 
343 	 0.000000e+00 
344 	 0.000000e+00 
345 	 0.000000e+00 
346 	 0.000000e+00 
347 	 0.000000e+00 
348 	 0.000000e+00 
349 	 0.000000e+00 
350 	 0.000000e+00 
351 	 0.000000e+00 
352 	 0.000000e+00 
353 	 0.000000e+00 
354 	 0.000000e+00 
355 	 0.000000e+00 
356 	 0.000000e+00 
357 	 0.000000e+00 
358 	 0.000000e+00 
359 	 0.000000e+00 
360 	 0.000000e+00 
361 	 0.000000e+00 
362 	 0.000000e+00 
363 	 0.000000e+00 
364 	 0.000000e+00 
365 	 0.000000e+00 
366 	 0.000000e+00 
367 	 0.000000e+00 
368 	 0.000000e+00 
369 	 0.000000e+00 
370 	 0.000000e+00 
371 	 0.000000e+00 
372 	 0.000000e+00 
373 	 0.000000e+00 
374 	 0.000000e+00 
375 	 0.000000e+00 
376 	 0.000000e+00 
377 	 0.000000e+00 
378 	 0.000000e+00 
379 	 0.000000e+00 
380 	 0.000000e+00 
381 	 0.000000e+00 
382 	 0.000000e+00 
383 	 0.000000e+00 
384 	 0.000000e+00 
385 	 0.000000e+00 
386 	 0.000000e+00 
387 	 0.000000e+00 
388 	 0.000000e+00 
389 	 0.000000e+00 
390 	 0.000000e+00 
391 	 0.000000e+00 
392 	 0.000000e+00 
393 	 0.000000e+00 
394 	 0.000000e+00 
395 	 0.000000e+00 
396 	 0.000000e+00 
397 	 0.000000e+00 
398 	 0.000000e+00 
399 	 0.000000e+00 
400 	 0.000000e+00 
401 	 0.000000e+00 
402 	 0.000000e+00 
403 	 0.000000e+00 
404 	 0.000000e+00 
405 	 0.000000e+00 
406 	 0.000000e+00 
407 	 0.000000e+00 
408 	 0.000000e+00 
409 	 0.000000e+00 
410 	 0.000000e+00 
411 	 0.000000e+00 
412 	 0.000000e+00 
413 	 0.000000e+00 
414 	 0.000000e+00 
415 	 0.000000e+00 
416 	 0.000000e+00 
417 	 0.000000e+00 
418 	 0.000000e+00 
419 	 0.000000e+00 
420 	 0.000000e+00 
421 	 0.000000e+00 
422 	 0.000000e+00 
423 	 0.000000e+00 
424 	 0.000000e+00 
425 	 0.000000e+00 
426 	 0.000000e+00 
427 	 0.000000e+00 
428 	 0.000000e+00 
429 	 0.000000e+00 
430 	 0.000000e+00 
431 	 0.000000e+00 
432 	 0.000000e+00 
433 	 0.000000e+00 
434 	 0.000000e+00 
435 	 0.000000e+00 
436 	 0.000000e+00 
437 	 0.000000e+00 
438 	 0.000000e+00 
439 	 0.000000e+00 
440 	 0.000000e+00 
441 	 0.000000e+00 
442 	 0.000000e+00 
443 	 0.000000e+00 
444 	 0.000000e+00 
445 	 0.000000e+00 
446 	 0.000000e+00 
447 	 0.000000e+00 
448 	 0.000000e+00 
449 	 0.000000e+00 
450 	 0.000000e+00 
451 	 0.000000e+00 
452 	 0.000000e+00 
453 	 0.000000e+00 
454 	 0.000000e+00 
455 	 0.000000e+00 
456 	 0.000000e+00 
457 	 0.000000e+00 
458 	 0.000000e+00 
459 	 0.000000e+00 
460 	 0.000000e+00 
461 	 0.000000e+00 
462 	 0.000000e+00 
463 	 0.000000e+00 
464 	 0.000000e+00 
465 	 0.000000e+00 
466 	 0.000000e+00 
467 	 0.000000e+00 
468 	 0.000000e+00 
469 	 0.000000e+00 
470 	 0.000000e+00 
471 	 0.000000e+00 
472 	 0.000000e+00 
473 	 0.000000e+00 
474 	 0.000000e+00 
475 	 0.000000e+00 
476 	 0.000000e+00 
477 	 0.000000e+00 
478 	 0.000000e+00 
479 	 0.000000e+00 
480 	 0.000000e+00 
481 	 0.000000e+00 
482 	 0.000000e+00 
483 	 0.000000e+00 
484 	 0.000000e+00 
485 	 0.000000e+00 
486 	 0.000000e+00 
487 	 0.000000e+00 
488 	 0.000000e+00 
489 	 0.000000e+00 
490 	 0.000000e+00 
491 	 0.000000e+00 
492 	 0.000000e+00 
493 	 0.000000e+00 
494 	 0.000000e+00 
495 	 0.000000e+00 
496 	 0.000000e+00 
497 	 0.000000e+00 
498 	 0.000000e+00 
499 	 0.000000e+00 
500 	 0.000000e+00 
501 	 0.000000e+00 
502 	 0.000000e+00 
503 	 0.000000e+00 
504 	 0.000000e+00 
505 	 0.000000e+00 
506 	 0.000000e+00 
507 	 0.000000e+00 
508 	 0.000000e+00 
509 	 0.000000e+00 
510 	 0.000000e+00 
511 	 0.000000e+00 
512 	 0.000000e+00 
513 	 0.000000e+00 
514 	 0.000000e+00 
515 	 0.000000e+00 
516 	 0.000000e+00 
517 	 0.000000e+00 
518 	 0.000000e+00 
519 	 0.000000e+00 
520 	 0.000000e+00 
521 	 0.000000e+00 
522 	 0.000000e+00 
523 	 0.000000e+00 
524 	 0.000000e+00 
525 	 0.000000e+00 
526 	 0.000000e+00 
527 	 0.000000e+00 
528 	 0.000000e+00 
529 	 0.000000e+00 
530 	 0.000000e+00 
531 	 0.000000e+00 
532 	 0.000000e+00 
533 	 0.000000e+00 
534 	 0.000000e+00 
535 	 0.000000e+00 
536 	 0.000000e+00 
537 	 0.000000e+00 
538 	 0.000000e+00 
539 	 0.000000e+00 
540 	 0.000000e+00 
541 	 0.000000e+00 
542 	 0.000000e+00 
543 	 0.000000e+00 
544 	 0.000000e+00 
545 	 0.000000e+00 
546 	 0.000000e+00 
547 	 0.000000e+00 
548 	 0.000000e+00 
549 	 0.000000e+00 
550 	 0.000000e+00 
551 	 0.000000e+00 
552 	 0.000000e+00 
553 	 0.000000e+00 
554 	 0.000000e+00 
555 	 0.000000e+00 
556 	 0.000000e+00 
557 	 0.000000e+00 
558 	 0.000000e+00 
559 	 0.000000e+00 
560 	 0.000000e+00 
561 	 0.000000e+00 
562 	 0.000000e+00 
563 	 0.000000e+00 
564 	 0.000000e+00 
565 	 0.000000e+00 
566 	 0.000000e+00 
567 	 0.000000e+00 
568 	 0.000000e+00 
569 	 0.000000e+00 
570 	 0.000000e+00 
571 	 0.000000e+00 
572 	 0.000000e+00 
573 	 0.000000e+00 
574 	 0.000000e+00 
575 	 0.000000e+00 
576 	 0.000000e+00 
577 	 0.000000e+00 
578 	 0.000000e+00 
579 	 0.000000e+00 
580 	 0.000000e+00 
581 	 0.000000e+00 
582 	 0.000000e+00 
583 	 0.000000e+00 
584 	 0.000000e+00 
585 	 0.000000e+00 
586 	 0.000000e+00 
587 	 0.000000e+00 
588 	 0.000000e+00 
589 	 0.000000e+00 
590 	 0.000000e+00 
591 	 0.000000e+00 
592 	 0.000000e+00 
593 	 0.000000e+00 
594 	 0.000000e+00 
595 	 0.000000e+00 
596 	 0.000000e+00 
597 	 0.000000e+00 
598 	 0.000000e+00 
599 	 0.000000e+00 
600 	 0.000000e+00 
601 	 0.000000e+00 
602 	 0.000000e+00 
603 	 0.000000e+00 
604 	 0.000000e+00 
605 	 0.000000e+00 
606 	 0.000000e+00 
607 	 0.000000e+00 
608 	 0.000000e+00 
609 	 0.000000e+00 
610 	 0.000000e+00 
611 	 0.000000e+00 
612 	 0.000000e+00 
613 	 0.000000e+00 
614 	 0.000000e+00 
615 	 0.000000e+00 
616 	 0.000000e+00 
617 	 0.000000e+00 
618 	 0.000000e+00 
619 	 0.000000e+00 
620 	 0.000000e+00 
621 	 0.000000e+00 
622 	 0.000000e+00 
623 	 0.000000e+00 
624 	 0.000000e+00 
625 	 0.000000e+00 
626 	 0.000000e+00 
627 	 0.000000e+00 
628 	 0.000000e+00 
629 	 0.000000e+00 
630 	 0.000000e+00 
631 	 0.000000e+00 
632 	 0.000000e+00 
633 	 0.000000e+00 
634 	 0.000000e+00 
635 	 0.000000e+00 
636 	 0.000000e+00 
637 	 0.000000e+00 
638 	 0.000000e+00 
639 	 0.000000e+00 
640 	 0.000000e+00 
641 	 0.000000e+00 
642 	 0.000000e+00 
643 	 0.000000e+00 
644 	 0.000000e+00 
645 	 0.000000e+00 
646 	 0.000000e+00 
647 	 0.000000e+00 
648 	 0.000000e+00 
649 	 0.000000e+00 
650 	 0.000000e+00 
651 	 0.000000e+00 
652 	 0.000000e+00 
653 	 0.000000e+00 
654 	 0.000000e+00 
655 	 0.000000e+00 
656 	 0.000000e+00 
657 	 0.000000e+00 
658 	 0.000000e+00 
659 	 0.000000e+00 
660 	 0.000000e+00 
661 	 0.000000e+00 
662 	 0.000000e+00 
663 	 0.000000e+00 
664 	 0.000000e+00 
665 	 0.000000e+00 
666 	 0.000000e+00 
667 	 0.000000e+00 
668 	 0.000000e+00 
669 	 0.000000e+00 
670 	 0.000000e+00 
671 	 0.000000e+00 
672 	 0.000000e+00 
673 	 0.000000e+00 
674 	 0.000000e+00 
675 	 0.000000e+00 
676 	 0.000000e+00 
677 	 0.000000e+00 
678 	 0.000000e+00 
679 	 0.000000e+00 
680 	 0.000000e+00 
681 	 0.000000e+00 
682 	 0.000000e+00 
683 	 0.000000e+00 
684 	 0.000000e+00 
685 	 0.000000e+00 
686 	 0.000000e+00 
687 	 0.000000e+00 
688 	 0.000000e+00 
689 	 0.000000e+00 
690 	 0.000000e+00 
691 	 0.000000e+00 
692 	 0.000000e+00 
693 	 0.000000e+00 
694 	 0.000000e+00 
695 	 0.000000e+00 
696 	 0.000000e+00 
697 	 0.000000e+00 
698 	 0.000000e+00 
699 	 0.000000e+00 
700 	 0.000000e+00 
701 	 0.000000e+00 
702 	 0.000000e+00 
703 	 0.000000e+00 
704 	 0.000000e+00 
705 	 0.000000e+00 
706 	 0.000000e+00 
707 	 0.000000e+00 
708 	 0.000000e+00 
709 	 0.000000e+00 
710 	 0.000000e+00 
711 	 0.000000e+00 
712 	 0.000000e+00 
713 	 0.000000e+00 
714 	 0.000000e+00 
715 	 0.000000e+00 
716 	 0.000000e+00 
717 	 0.000000e+00 
718 	 0.000000e+00 
719 	 0.000000e+00 
720 	 0.000000e+00 
721 	 0.000000e+00 
722 	 0.000000e+00 
723 	 0.000000e+00 
724 	 0.000000e+00 
725 	 0.000000e+00 
726 	 0.000000e+00 
727 	 0.000000e+00 
728 	 0.000000e+00 
729 	 0.000000e+00 
730 	 0.000000e+00 
731 	 0.000000e+00 
732 	 0.000000e+00 
733 	 0.000000e+00 
734 	 0.000000e+00 
735 	 0.000000e+00 
736 	 0.000000e+00 
737 	 0.000000e+00 
738 	 0.000000e+00 
739 	 0.000000e+00 
740 	 0.000000e+00 
741 	 0.000000e+00 
742 	 0.000000e+00 
743 	 0.000000e+00 
744 	 0.000000e+00 
745 	 0.000000e+00 
746 	 0.000000e+00 
747 	 0.000000e+00 
748 	 0.000000e+00 
749 	 0.000000e+00 
750 	 0.000000e+00 
751 	 0.000000e+00 
752 	 0.000000e+00 
753 	 0.000000e+00 
754 	 0.000000e+00 
755 	 0.000000e+00 
756 	 0.000000e+00 
757 	 0.000000e+00 
758 	 0.000000e+00 
759 	 0.000000e+00 
760 	 0.000000e+00 
761 	 0.000000e+00 
762 	 0.000000e+00 
763 	 0.000000e+00 
764 	 0.000000e+00 
765 	 0.000000e+00 
766 	 0.000000e+00 
767 	 0.000000e+00 
768 	 0.000000e+00 
769 	 0.000000e+00 
770 	 0.000000e+00 
771 	 0.000000e+00 
772 	 0.000000e+00 
773 	 0.000000e+00 
774 	 0.000000e+00 
775 	 0.000000e+00 
776 	 0.000000e+00 
777 	 0.000000e+00 
778 	 0.000000e+00 
779 	 0.000000e+00 
780 	 0.000000e+00 
781 	 0.000000e+00 
782 	 0.000000e+00 
783 	 0.000000e+00 
784 	 0.000000e+00 
785 	 0.000000e+00 
786 	 0.000000e+00 
787 	 0.000000e+00 
788 	 0.000000e+00 
789 	 0.000000e+00 
790 	 0.000000e+00 
791 	 0.000000e+00 
792 	 0.000000e+00 
793 	 0.000000e+00 
794 	 0.000000e+00 
795 	 0.000000e+00 
796 	 0.000000e+00 
797 	 0.000000e+00 
798 	 0.000000e+00 
799 	 0.000000e+00 
800 	 0.000000e+00 
801 	 0.000000e+00 
802 	 0.000000e+00 
803 	 0.000000e+00 
804 	 0.000000e+00 
805 	 0.000000e+00 
806 	 0.000000e+00 
807 	 0.000000e+00 
808 	 0.000000e+00 
809 	 0.000000e+00 
810 	 0.000000e+00 
811 	 0.000000e+00 
812 	 0.000000e+00 
813 	 0.000000e+00 
814 	 0.000000e+00 
815 	 0.000000e+00 
816 	 0.000000e+00 
817 	 0.000000e+00 
818 	 0.000000e+00 
819 	 0.000000e+00 
820 	 0.000000e+00 
821 	 0.000000e+00 
822 	 0.000000e+00 
823 	 0.000000e+00 
824 	 0.000000e+00 
825 	 0.000000e+00 
826 	 0.000000e+00 
827 	 0.000000e+00 
828 	 0.000000e+00 
829 	 0.000000e+00 
830 	 0.000000e+00 
831 	 0.000000e+00 
832 	 0.000000e+00 
833 	 0.000000e+00 
834 	 0.000000e+00 
835 	 0.000000e+00 
836 	 0.000000e+00 
837 	 0.000000e+00 
838 	 0.000000e+00 
839 	 0.000000e+00 
840 	 0.000000e+00 
841 	 0.000000e+00 
842 	 0.000000e+00 
843 	 0.000000e+00 
844 	 0.000000e+00 
845 	 0.000000e+00 
846 	 0.000000e+00 
847 	 0.000000e+00 
848 	 0.000000e+00 
849 	 0.000000e+00 
850 	 0.000000e+00 
851 	 0.000000e+00 
852 	 0.000000e+00 
853 	 0.000000e+00 
854 	 0.000000e+00 
855 	 0.000000e+00 
856 	 0.000000e+00 
857 	 0.000000e+00 
858 	 0.000000e+00 
859 	 0.000000e+00 
860 	 0.000000e+00 
861 	 0.000000e+00 
862 	 0.000000e+00 
863 	 0.000000e+00 
864 	 0.000000e+00 
865 	 0.000000e+00 
866 	 0.000000e+00 
867 	 0.000000e+00 
868 	 0.000000e+00 
869 	 0.000000e+00 
870 	 0.000000e+00 
871 	 0.000000e+00 
872 	 0.000000e+00 
873 	 0.000000e+00 
874 	 0.000000e+00 
875 	 0.000000e+00 
876 	 0.000000e+00 
877 	 0.000000e+00 
878 	 0.000000e+00 
879 	 0.000000e+00 
880 	 0.000000e+00 
881 	 0.000000e+00 
882 	 0.000000e+00 
883 	 0.000000e+00 
884 	 0.000000e+00 
885 	 0.000000e+00 
886 	 0.000000e+00 
887 	 0.000000e+00 
888 	 0.000000e+00 
889 	 0.000000e+00 
890 	 0.000000e+00 
891 	 0.000000e+00 
892 	 0.000000e+00 
893 	 0.000000e+00 
894 	 0.000000e+00 
895 	 0.000000e+00 
896 	 0.000000e+00 
897 	 0.000000e+00 
898 	 0.000000e+00 
899 	 0.000000e+00 
900 	 0.000000e+00 
901 	 0.000000e+00 
902 	 0.000000e+00 
903 	 0.000000e+00 
904 	 0.000000e+00 
905 	 0.000000e+00 
906 	 0.000000e+00 
907 	 0.000000e+00 
908 	 0.000000e+00 
909 	 0.000000e+00 
910 	 0.000000e+00 
911 	 0.000000e+00 
912 	 0.000000e+00 
913 	 0.000000e+00 
914 	 0.000000e+00 
915 	 0.000000e+00 
916 	 0.000000e+00 
917 	 0.000000e+00 
918 	 0.000000e+00 
919 	 0.000000e+00 
920 	 0.000000e+00 
921 	 0.000000e+00 
922 	 0.000000e+00 
923 	 0.000000e+00 
924 	 0.000000e+00 
925 	 0.000000e+00 
926 	 0.000000e+00 
927 	 0.000000e+00 
928 	 0.000000e+00 
929 	 0.000000e+00 
930 	 0.000000e+00 
931 	 0.000000e+00 
932 	 0.000000e+00 
933 	 0.000000e+00 
934 	 0.000000e+00 
935 	 0.000000e+00 
936 	 0.000000e+00 
937 	 0.000000e+00 
938 	 0.000000e+00 
939 	 0.000000e+00 
940 	 0.000000e+00 
941 	 0.000000e+00 
942 	 0.000000e+00 
943 	 0.000000e+00 
944 	 0.000000e+00 
945 	 0.000000e+00 
946 	 0.000000e+00 
947 	 0.000000e+00 
948 	 0.000000e+00 
949 	 0.000000e+00 
950 	 0.000000e+00 
951 	 0.000000e+00 
952 	 0.000000e+00 
953 	 0.000000e+00 
954 	 0.000000e+00 
955 	 0.000000e+00 
956 	 0.000000e+00 
957 	 0.000000e+00 
958 	 0.000000e+00 
959 	 0.000000e+00 
960 	 0.000000e+00 
961 	 0.000000e+00 
962 	 0.000000e+00 
963 	 0.000000e+00 
964 	 0.000000e+00 
965 	 0.000000e+00 
966 	 0.000000e+00 
967 	 0.000000e+00 
968 	 0.000000e+00 
969 	 0.000000e+00 
970 	 0.000000e+00 
971 	 0.000000e+00 
972 	 0.000000e+00 
973 	 0.000000e+00 
974 	 0.000000e+00 
975 	 0.000000e+00 
976 	 0.000000e+00 
977 	 0.000000e+00 
978 	 0.000000e+00 
979 	 0.000000e+00 
980 	 0.000000e+00 
981 	 0.000000e+00 
982 	 0.000000e+00 
983 	 0.000000e+00 
984 	 0.000000e+00 
985 	 0.000000e+00 
986 	 0.000000e+00 
987 	 0.000000e+00 
988 	 0.000000e+00 
989 	 0.000000e+00 
990 	 0.000000e+00 
991 	 0.000000e+00 
992 	 0.000000e+00 
993 	 0.000000e+00 
994 	 0.000000e+00 
995 	 0.000000e+00 
996 	 0.000000e+00 
997 	 0.000000e+00 
998 	 0.000000e+00 
999 	 0.000000e+00 
1000 	 0.000000e+00 
1001 	 0.000000e+00 
1002 	 0.000000e+00 
1003 	 0.000000e+00 
1004 	 0.000000e+00 
1005 	 0.000000e+00 
1006 	 0.000000e+00 
1007 	 0.000000e+00 
1008 	 0.000000e+00 
1009 	 0.000000e+00 
1010 	 0.000000e+00 
1011 	 0.000000e+00 
1012 	 0.000000e+00 
1013 	 0.000000e+00 
1014 	 0.000000e+00 
1015 	 0.000000e+00 
1016 	 0.000000e+00 
1017 	 0.000000e+00 
1018 	 0.000000e+00 
1019 	 0.000000e+00 
1020 	 0.000000e+00 
1021 	 0.000000e+00 
1022 	 0.000000e+00 
1023 	 0.000000e+00 
1024 	 0.000000e+00 
