1 	 0.000000e+00 
2 	 0.000000e+00 
3 	 0.000000e+00 
4 	 0.000000e+00 
5 	 0.000000e+00 
6 	 0.000000e+00 
7 	 1.754082e-03 
8 	 4.270959e-04 
9 	 1.048784e-04 
10 	 9.993193e-05 
11 	 1.137492e-04 
12 	 8.034587e-05 
13 	 3.479842e-05 
14 	 1.528337e-05 
15 	 2.368899e-05 
16 	 6.619935e-05 
17 	 1.731377e-04 
18 	 3.620951e-04 
19 	 5.716290e-04 
20 	 6.682905e-04 
21 	 5.761138e-04 
22 	 3.676915e-04 
23 	 1.790780e-04 
24 	 8.195961e-05 
25 	 7.356020e-05 
26 	 1.359548e-04 
27 	 2.599825e-04 
28 	 4.234349e-04 
29 	 5.712038e-04 
30 	 6.348461e-04 
31 	 5.817772e-04 
32 	 4.428443e-04 
33 	 2.860134e-04 
34 	 1.652341e-04 
35 	 9.471089e-05 
36 	 6.021927e-05 
37 	 4.241397e-05 
38 	 2.982859e-05 
39 	 1.923160e-05 
40 	 1.102544e-05 
41 	 5.710685e-06 
42 	 2.875914e-06 
43 	 1.627426e-06 
44 	 1.168508e-06 
45 	 1.018624e-06 
46 	 9.601678e-07 
47 	 9.196062e-07 
48 	 8.833521e-07 
49 	 8.564353e-07 
50 	 8.459679e-07 
51 	 8.564716e-07 
52 	 8.914658e-07 
53 	 9.575194e-07 
54 	 1.065477e-06 
55 	 1.224031e-06 
56 	 1.426698e-06 
57 	 1.641662e-06 
58 	 1.816395e-06 
59 	 1.899683e-06 
60 	 1.868462e-06 
61 	 1.740092e-06 
62 	 1.560936e-06 
63 	 1.380645e-06 
64 	 1.230891e-06 
65 	 1.120142e-06 
66 	 1.041900e-06 
67 	 9.861378e-07 
68 	 9.460961e-07 
69 	 9.192761e-07 
70 	 9.057161e-07 
71 	 9.069246e-07 
72 	 9.269324e-07 
73 	 9.748684e-07 
74 	 1.067081e-06 
75 	 1.226228e-06 
76 	 1.475177e-06 
77 	 1.825491e-06 
78 	 2.263710e-06 
79 	 2.742247e-06 
80 	 3.182595e-06 
81 	 3.494263e-06 
82 	 3.604318e-06 
83 	 3.484628e-06 
84 	 3.163002e-06 
85 	 2.712251e-06 
86 	 2.223049e-06 
87 	 1.774377e-06 
88 	 1.414477e-06 
89 	 1.157457e-06 
90 	 9.920890e-07 
91 	 8.950939e-07 
92 	 8.422707e-07 
93 	 8.145700e-07 
94 	 7.995917e-07 
95 	 7.904734e-07 
96 	 7.839943e-07 
97 	 7.789223e-07 
98 	 7.749119e-07 
99 	 7.718975e-07 
100 	 7.698177e-07 
101 	 7.685264e-07 
102 	 7.677952e-07 
103 	 7.673475e-07 
104 	 7.669015e-07 
105 	 7.662145e-07 
106 	 7.651268e-07 
107 	 7.635945e-07 
108 	 7.616964e-07 
109 	 7.596042e-07 
110 	 7.575199e-07 
111 	 7.556049e-07 
112 	 7.539324e-07 
113 	 7.524842e-07 
114 	 7.511915e-07 
115 	 7.499947e-07 
116 	 7.488887e-07 
117 	 7.479293e-07 
118 	 7.472012e-07 
119 	 7.467670e-07 
120 	 7.466280e-07 
121 	 7.467171e-07 
122 	 7.469267e-07 
123 	 7.471552e-07 
124 	 7.473499e-07 
125 	 7.475277e-07 
126 	 7.477694e-07 
127 	 7.481953e-07 
128 	 7.489361e-07 
129 	 7.501100e-07 
130 	 7.518157e-07 
131 	 7.541367e-07 
132 	 7.571553e-07 
133 	 7.609645e-07 
134 	 7.656712e-07 
135 	 7.713828e-07 
136 	 7.781778e-07 
137 	 7.860651e-07 
138 	 7.949448e-07 
139 	 8.045843e-07 
140 	 8.146207e-07 
141 	 8.245920e-07 
142 	 8.339898e-07 
143 	 8.423173e-07 
144 	 8.491393e-07 
145 	 8.541153e-07 
146 	 8.570168e-07 
147 	 8.577375e-07 
148 	 8.563048e-07 
149 	 8.528942e-07 
150 	 8.478405e-07 
151 	 8.416306e-07 
152 	 8.348668e-07 
153 	 8.281967e-07 
154 	 8.222193e-07 
155 	 8.173880e-07 
156 	 8.139382e-07 
157 	 8.118610e-07 
158 	 8.109330e-07 
159 	 8.107956e-07 
160 	 8.110625e-07 
161 	 8.114233e-07 
162 	 8.117146e-07 
163 	 8.119377e-07 
164 	 8.122195e-07 
165 	 8.127307e-07 
166 	 8.135884e-07 
167 	 8.147723e-07 
168 	 8.160818e-07 
169 	 8.171427e-07 
170 	 8.174608e-07 
171 	 8.165032e-07 
172 	 8.137852e-07 
173 	 8.089390e-07 
174 	 8.017515e-07 
175 	 7.921708e-07 
176 	 7.802851e-07 
177 	 7.662910e-07 
178 	 7.504593e-07 
179 	 7.331108e-07 
180 	 7.146003e-07 
181 	 6.953096e-07 
182 	 6.756413e-07 
183 	 6.560104e-07 
184 	 6.368304e-07 
185 	 6.184949e-07 
186 	 6.013568e-07 
187 	 5.857099e-07 
188 	 5.717756e-07 
189 	 5.596967e-07 
190 	 5.495386e-07 
191 	 5.412963e-07 
192 	 5.349051e-07 
193 	 5.302524e-07 
194 	 5.271888e-07 
195 	 5.255377e-07 
196 	 5.251017e-07 
197 	 5.256689e-07 
198 	 5.270177e-07 
199 	 5.289250e-07 
200 	 5.311763e-07 
201 	 5.335804e-07 
202 	 5.359867e-07 
203 	 5.383035e-07 
204 	 5.405144e-07 
205 	 5.426881e-07 
206 	 5.449790e-07 
207 	 5.476158e-07 
208 	 5.508771e-07 
209 	 5.550570e-07 
210 	 5.604236e-07 
211 	 5.671775e-07 
212 	 5.754180e-07 
213 	 5.851258e-07 
214 	 5.961677e-07 
215 	 6.083305e-07 
216 	 6.213817e-07 
217 	 6.351540e-07 
218 	 6.496421e-07 
219 	 6.650982e-07 
220 	 6.821085e-07 
221 	 7.016348e-07 
222 	 7.250085e-07 
223 	 7.538705e-07 
224 	 7.900592e-07 
225 	 8.354552e-07 
226 	 8.917981e-07 
227 	 9.604929e-07 
228 	 1.042423e-06 
229 	 1.137786e-06 
230 	 1.245956e-06 
231 	 1.365382e-06 
232 	 1.493540e-06 
233 	 1.626918e-06 
234 	 1.761086e-06 
235 	 1.890834e-06 
236 	 2.010415e-06 
237 	 2.113878e-06 
238 	 2.195498e-06 
239 	 2.250259e-06 
240 	 2.274326e-06 
241 	 2.265457e-06 
242 	 2.223277e-06 
243 	 2.149357e-06 
244 	 2.047089e-06 
245 	 1.921356e-06 
246 	 1.778063e-06 
247 	 1.623575e-06 
248 	 1.464177e-06 
249 	 1.305594e-06 
250 	 1.152646e-06 
251 	 1.009059e-06 
252 	 8.774119e-07 
253 	 7.592092e-07 
254 	 6.550361e-07 
255 	 5.647508e-07 
256 	 4.876849e-07 
257 	 4.228239e-07 
258 	 3.689563e-07 
259 	 3.247867e-07 
260 	 2.890160e-07 
261 	 2.603946e-07 
262 	 2.377567e-07 
263 	 2.200407e-07 
264 	 2.063008e-07 
265 	 1.957119e-07 
266 	 1.875705e-07 
267 	 1.812897e-07 
268 	 1.763916e-07 
269 	 1.724947e-07 
270 	 1.692999e-07 
271 	 1.665747e-07 
272 	 1.641385e-07 
273 	 1.618503e-07 
274 	 1.596003e-07 
275 	 1.573055e-07 
276 	 1.549099e-07 
277 	 1.523865e-07 
278 	 1.497408e-07 
279 	 1.470119e-07 
280 	 1.442707e-07 
281 	 1.416144e-07 
282 	 1.391559e-07 
283 	 1.370122e-07 
284 	 1.352915e-07 
285 	 1.340834e-07 
286 	 1.334558e-07 
287 	 1.334584e-07 
288 	 1.341380e-07 
289 	 1.355629e-07 
290 	 1.378588e-07 
291 	 1.412536e-07 
292 	 1.461282e-07 
293 	 1.530714e-07 
294 	 1.629329e-07 
295 	 1.768672e-07 
296 	 1.963623e-07 
297 	 2.232396e-07 
298 	 2.596181e-07 
299 	 3.078280e-07 
300 	 3.702695e-07 
301 	 4.492110e-07 
302 	 5.465335e-07 
303 	 6.634345e-07 
304 	 8.001193e-07 
305 	 9.555136e-07 
306 	 1.127042e-06 
307 	 1.310515e-06 
308 	 1.500165e-06 
309 	 1.688853e-06 
310 	 1.868453e-06 
311 	 2.030395e-06 
312 	 2.166320e-06 
313 	 2.268770e-06 
314 	 2.331859e-06 
315 	 2.351814e-06 
316 	 2.327334e-06 
317 	 2.259716e-06 
318 	 2.152729e-06 
319 	 2.012256e-06 
320 	 1.845748e-06 
321 	 1.661562e-06 
322 	 1.468267e-06 
323 	 1.273991e-06 
324 	 1.085880e-06 
325 	 9.097207e-07 
326 	 7.497277e-07 
327 	 6.085135e-07 
328 	 4.871992e-07 
329 	 3.856359e-07 
330 	 3.026886e-07 
331 	 2.365421e-07 
332 	 1.849921e-07 
333 	 1.456951e-07 
334 	 1.163645e-07 
335 	 9.490649e-08 
336 	 7.950061e-08 
337 	 6.863292e-08 
338 	 6.109358e-08 
339 	 5.595047e-08 
340 	 5.250915e-08 
341 	 5.026778e-08 
342 	 4.887285e-08 
343 	 4.807964e-08 
344 	 4.771924e-08 
345 	 4.767287e-08 
346 	 4.785298e-08 
347 	 4.819046e-08 
348 	 4.862685e-08 
349 	 4.911036e-08 
350 	 4.959470e-08 
351 	 5.003979e-08 
352 	 5.041337e-08 
353 	 5.069306e-08 
354 	 5.086802e-08 
355 	 5.094004e-08 
356 	 5.092361e-08 
357 	 5.084493e-08 
358 	 5.073988e-08 
359 	 5.065105e-08 
360 	 5.062415e-08 
361 	 5.070400e-08 
362 	 5.093064e-08 
363 	 5.133565e-08 
364 	 5.193930e-08 
365 	 5.274850e-08 
366 	 5.375589e-08 
367 	 5.494003e-08 
368 	 5.626676e-08 
369 	 5.769156e-08 
370 	 5.916260e-08 
371 	 6.062443e-08 
372 	 6.202175e-08 
373 	 6.330303e-08 
374 	 6.442368e-08 
375 	 6.534840e-08 
376 	 6.605259e-08 
377 	 6.652267e-08 
378 	 6.675544e-08 
379 	 6.675650e-08 
380 	 6.653808e-08 
381 	 6.611657e-08 
382 	 6.551010e-08 
383 	 6.473647e-08 
384 	 6.381165e-08 
385 	 6.274904e-08 
386 	 6.155948e-08 
387 	 6.025195e-08 
388 	 5.883467e-08 
389 	 5.731652e-08 
390 	 5.570833e-08 
391 	 5.402396e-08 
392 	 5.228090e-08 
393 	 5.050030e-08 
394 	 4.870646e-08 
395 	 4.692586e-08 
396 	 4.518580e-08 
397 	 4.351289e-08 
398 	 4.193153e-08 
399 	 4.046259e-08 
400 	 3.912237e-08 
401 	 3.792193e-08 
402 	 3.686683e-08 
403 	 3.595728e-08 
404 	 3.518858e-08 
405 	 3.455187e-08 
406 	 3.403504e-08 
407 	 3.362371e-08 
408 	 3.330224e-08 
409 	 3.305470e-08 
410 	 3.286573e-08 
411 	 3.272129e-08 
412 	 3.260922e-08 
413 	 3.251964e-08 
414 	 3.244524e-08 
415 	 3.238136e-08 
416 	 3.232588e-08 
417 	 3.227908e-08 
418 	 3.224330e-08 
419 	 3.222255e-08 
420 	 3.222207e-08 
421 	 3.224786e-08 
422 	 3.230623e-08 
423 	 3.240340e-08 
424 	 3.254511e-08 
425 	 3.273640e-08 
426 	 3.298137e-08 
427 	 3.328311e-08 
428 	 3.364366e-08 
429 	 3.406404e-08 
430 	 3.454430e-08 
431 	 3.508362e-08 
432 	 3.568035e-08 
433 	 3.633207e-08 
434 	 3.703555e-08 
435 	 3.778668e-08 
436 	 3.858030e-08 
437 	 3.941000e-08 
438 	 4.026790e-08 
439 	 4.114436e-08 
440 	 4.202780e-08 
441 	 4.290458e-08 
442 	 4.375902e-08 
443 	 4.457367e-08 
444 	 4.532973e-08 
445 	 4.600780e-08 
446 	 4.658876e-08 
447 	 4.705491e-08 
448 	 4.739123e-08 
449 	 4.758659e-08 
450 	 4.763489e-08 
451 	 4.753606e-08 
452 	 4.729663e-08 
453 	 4.692999e-08 
454 	 4.645613e-08 
455 	 4.590100e-08 
456 	 4.529531e-08 
457 	 4.467304e-08 
458 	 4.406967e-08 
459 	 4.352015e-08 
460 	 4.305699e-08 
461 	 4.270833e-08 
462 	 4.249637e-08 
463 	 4.243609e-08 
464 	 4.253440e-08 
465 	 4.278987e-08 
466 	 4.319284e-08 
467 	 4.372614e-08 
468 	 4.436621e-08 
469 	 4.508451e-08 
470 	 4.584928e-08 
471 	 4.662729e-08 
472 	 4.738568e-08 
473 	 4.809358e-08 
474 	 4.872347e-08 
475 	 4.925224e-08 
476 	 4.966176e-08 
477 	 4.993915e-08 
478 	 5.007656e-08 
479 	 5.007070e-08 
480 	 4.992209e-08 
481 	 4.963419e-08 
482 	 4.921253e-08 
483 	 4.866387e-08 
484 	 4.799561e-08 
485 	 4.721525e-08 
486 	 4.633022e-08 
487 	 4.534783e-08 
488 	 4.427538e-08 
489 	 4.312041e-08 
490 	 4.189094e-08 
491 	 4.059572e-08 
492 	 3.924439e-08 
493 	 3.784749e-08 
494 	 3.641638e-08 
495 	 3.496303e-08 
496 	 3.349972e-08 
497 	 3.203866e-08 
498 	 3.059165e-08 
499 	 2.916967e-08 
500 	 2.778264e-08 
